|   # Monte Carlo cycles  | Energy-Mean | Magnetization-Mean | # Accepted configurations |  Specific heat  | Susceptibility | Temperature |

                   1          -1.9800000          0.99500000        0.0025000000           0.0000000           0.0000000           1.0000000
                 101          -1.9975248          0.99935644       0.00049504950         0.018539359        0.0013194785           1.0000000
                 201          -1.9982090          0.99955224       0.00052238806         0.017821341        0.0011138338           1.0000000
                 301          -1.9978405          0.99945183       0.00048172757         0.018466904        0.0012419289           1.0000000
                 401          -1.9973317          0.99927681       0.00063591022         0.024982432        0.0020850617           1.0000000
                 501          -1.9972655          0.99931138       0.00070359281         0.023595763        0.0015069263           1.0000000
                 601          -1.9973877          0.99934276       0.00055740433         0.021563174        0.0013746363           1.0000000
                 701          -1.9978459          0.99945078       0.00062054208         0.016803059        0.0011204291           1.0000000
                 801          -1.9976404          0.99938826       0.00066167291         0.019595730        0.0013983769           1.0000000
                 901          -1.9966371          0.99914539       0.00077136515         0.027662740        0.0018166275           1.0000000
                1001          -1.9972827          0.99930569       0.00079420579         0.023739857        0.0016153676           1.0000000
                1101          -1.9969755          0.99922797       0.00081289737         0.024787770        0.0016507823           1.0000000
                1201          -1.9969609          0.99921732       0.00081182348         0.022583567        0.0015701182           1.0000000
                1301          -1.9971714          0.99928132       0.00073020753         0.022748894        0.0015074669           1.0000000
                1401          -1.9970807          0.99925054       0.00078158458         0.022943579        0.0015883118           1.0000000
                1501          -1.9971885          0.99929047       0.00074283811         0.021568459        0.0013909004           1.0000000
                1601          -1.9969269          0.99921924       0.00079013117         0.026603485        0.0017424229           1.0000000
                1701          -1.9971958          0.99929159       0.00069370958         0.021710478        0.0014042022           1.0000000
                1801          -1.9972238          0.99930039       0.00070238756         0.022946990        0.0014699589           1.0000000
                1901          -1.9970437          0.99924250       0.00075486586         0.023395134        0.0015800538           1.0000000
                2001          -1.9971114          0.99926787       0.00069465267         0.023688985        0.0015497099           1.0000000
                2101          -1.9976249          0.99939315       0.00066991909         0.019923551        0.0013424581           1.0000000
                2201          -1.9972785          0.99930713       0.00078146297         0.022026038        0.0014572245           1.0000000
                2301          -1.9971273          0.99927206       0.00069752282         0.025017243        0.0016350618           1.0000000
                2401          -1.9972886          0.99930654       0.00071220325         0.022998581        0.0015610808           1.0000000
                2501          -1.9966573          0.99913635       0.00078568573         0.029053233        0.0020207127           1.0000000
                2601          -1.9971050          0.99926182       0.00075451749         0.022775909        0.0015428987           1.0000000
                2701          -1.9968900          0.99920030       0.00074231766         0.025868396        0.0017656631           1.0000000
                2801          -1.9970689          0.99925027       0.00076579793         0.025653081        0.0017601660           1.0000000
                2901          -1.9978042          0.99944502       0.00062564633         0.018354056        0.0011866916           1.0000000
                3001          -1.9972776          0.99930523       0.00069976674         0.023546522        0.0015829934           1.0000000
                3101          -1.9973686          0.99933247       0.00068768139         0.021480516        0.0014083483           1.0000000
                3201          -1.9972727          0.99930803       0.00069353327         0.022254409        0.0014610789           1.0000000
                3301          -1.9973341          0.99932142       0.00072099364         0.021852825        0.0014577371           1.0000000
                3401          -1.9971832          0.99927815       0.00069244340         0.023383108        0.0015822249           1.0000000
                3501          -1.9973493          0.99932734       0.00070122822         0.021251273        0.0013985574           1.0000000
                3601          -1.9973674          0.99933074       0.00068036656         0.021487690        0.0014148389           1.0000000
                3701          -1.9971954          0.99928938       0.00070048636         0.022770901        0.0014894431           1.0000000
                3801          -1.9971113          0.99926467       0.00074585635         0.024023354        0.0015858716           1.0000000
                3901          -1.9972289          0.99929505       0.00071007434         0.022901264        0.0015187280           1.0000000
                4001          -1.9970832          0.99925644       0.00076230942         0.024579983        0.0016408795           1.0000000
                4101          -1.9971909          0.99928188       0.00069068520         0.022066764        0.0014835546           1.0000000
                4201          -1.9974577          0.99935254       0.00070578434         0.021313854        0.0014414564           1.0000000
                4301          -1.9972495          0.99929900       0.00067891188         0.023618815        0.0015774458           1.0000000
                4401          -1.9969780          0.99922972       0.00078050443         0.024922232        0.0016667805           1.0000000
                4501          -1.9968029          0.99918463       0.00076871806         0.026722435        0.0017869430           1.0000000
                4601          -1.9972310          0.99930233       0.00067865681         0.021884235        0.0014049524           1.0000000
                4701          -1.9973389          0.99932248       0.00068283344         0.021374958        0.0014224304           1.0000000
                4801          -1.9968423          0.99919496       0.00077171423         0.027288452        0.0018215803           1.0000000
                4901          -1.9969945          0.99922975       0.00073658437         0.025270667        0.0017235097           1.0000000
                5001          -1.9972466          0.99929814       0.00073485303         0.022330334        0.0014946189           1.0000000
                5101          -1.9971868          0.99928347       0.00068515977         0.022907740        0.0015256692           1.0000000
                5201          -1.9974043          0.99933763       0.00068256105         0.020623623        0.0013761297           1.0000000
                5301          -1.9971326          0.99926901       0.00074325599         0.022819526        0.0015274399           1.0000000
                5401          -1.9972005          0.99928717       0.00070820218         0.023038092        0.0015445733           1.0000000
                5501          -1.9971878          0.99928468       0.00071805126         0.022860936        0.0015131938           1.0000000
                5601          -1.9970398          0.99924567       0.00073067309         0.023818612        0.0015952835           1.0000000
                5701          -1.9972128          0.99928960       0.00072706543         0.023056370        0.0015416855           1.0000000
                5801          -1.9974056          0.99933805       0.00068522669         0.021903436        0.0014623750           1.0000000
                5901          -1.9973005          0.99930605       0.00069013726         0.023148367        0.0015985951           1.0000000
                6001          -1.9970872          0.99925929       0.00072529578         0.023708277        0.0015719077           1.0000000
                6101          -1.9969661          0.99922062       0.00075725291         0.025998491        0.0017878411           1.0000000
                6201          -1.9968973          0.99920819       0.00080309627         0.025860575        0.0017456684           1.0000000
                6301          -1.9972687          0.99930805       0.00070861768         0.021335922        0.0013923556           1.0000000
                6401          -1.9971614          0.99927511       0.00071902828         0.023216516        0.0015707874           1.0000000
                6501          -1.9971558          0.99927627       0.00073527150         0.023855478        0.0015825152           1.0000000
                6601          -1.9972822          0.99931298       0.00072186032         0.021308481        0.0013821771           1.0000000
                6701          -1.9970198          0.99924041       0.00073720340         0.023840404        0.0015928188           1.0000000
                6801          -1.9971754          0.99927878       0.00074327305         0.023140111        0.0015666772           1.0000000
                6901          -1.9972366          0.99929575       0.00069953630         0.023417046        0.0015607805           1.0000000
                7001          -1.9971904          0.99927867       0.00072239680         0.023610067        0.0016458966           1.0000000
                7101          -1.9969202          0.99921138       0.00075552739         0.025953738        0.0017593984           1.0000000
                7201          -1.9971296          0.99926885       0.00073948063         0.023717157        0.0015817527           1.0000000
                7301          -1.9973839          0.99933228       0.00068038625         0.021149589        0.0014255516           1.0000000
                7401          -1.9972598          0.99930617       0.00070125659         0.022214801        0.0014491127           1.0000000
                7501          -1.9970831          0.99926010       0.00071590455         0.023547647        0.0015461164           1.0000000
                7601          -1.9970714          0.99924484       0.00072424681         0.025049873        0.0017558405           1.0000000
                7701          -1.9972406          0.99929879       0.00068887158         0.023366479        0.0015459540           1.0000000
                7801          -1.9972978          0.99930842       0.00071208819         0.021793988        0.0014841142           1.0000000
                7901          -1.9970789          0.99925452       0.00073028731         0.024157948        0.0016230427           1.0000000
                8001          -1.9969629          0.99922635       0.00075240595         0.025396724        0.0017028415           1.0000000
                8101          -1.9971250          0.99926861       0.00073139119         0.023520174        0.0015648195           1.0000000
                8201          -1.9972857          0.99930374       0.00072033898         0.022727941        0.0015717291           1.0000000
                8301          -1.9972172          0.99929045       0.00073244187         0.022778816        0.0015188884           1.0000000
                8401          -1.9972456          0.99929949       0.00071033210         0.023190687        0.0015380306           1.0000000
                8501          -1.9971227          0.99926773       0.00073756029         0.023508812        0.0015676574           1.0000000
                8601          -1.9972340          0.99929485       0.00069817463         0.022634478        0.0015183473           1.0000000
                8701          -1.9972440          0.99929146       0.00071256177         0.022154281        0.0015518610           1.0000000
                8801          -1.9971310          0.99926997       0.00071071469         0.024054446        0.0016013886           1.0000000
                8901          -1.9969408          0.99921750       0.00077069992         0.025713866        0.0017514847           1.0000000
                9001          -1.9972681          0.99930119       0.00068381291         0.022536257        0.0015200301           1.0000000
                9101          -1.9971860          0.99928524       0.00071970113         0.023040724        0.0015196356           1.0000000
                9201          -1.9972546          0.99930116       0.00073361591         0.022747630        0.0015109870           1.0000000
                9301          -1.9973981          0.99934093       0.00070583808         0.021642177        0.0014153277           1.0000000
                9401          -1.9972535          0.99929848       0.00072917775         0.023422400        0.0015848726           1.0000000
                9501          -1.9970540          0.99924850       0.00075465740         0.024428641        0.0016391660           1.0000000
                9601          -1.9970357          0.99924643       0.00074835955         0.024265670        0.0016070384           1.0000000
                9701          -1.9971158          0.99926502       0.00074270694         0.024183033        0.0016229099           1.0000000
                9801          -1.9971717          0.99927967       0.00074507703         0.022920110        0.0015269641           1.0000000
                9901          -1.9971599          0.99927785       0.00072543177         0.023243547        0.0015447584           1.0000000
               10001          -1.9971103          0.99926507       0.00073217678         0.024465048        0.0016397676           1.0000000
               10101          -1.9971052          0.99926245       0.00070488070         0.024130567        0.0016158894           1.0000000
               10201          -1.9971934          0.99928536       0.00072590922         0.023172136        0.0015426058           1.0000000
               10301          -1.9972139          0.99928890       0.00071740608         0.022880802        0.0015422278           1.0000000
               10401          -1.9971060          0.99926113       0.00073983271         0.023755102        0.0015920305           1.0000000
               10501          -1.9971831          0.99928435       0.00072516903         0.024168245        0.0016016349           1.0000000
               10601          -1.9970739          0.99924960       0.00073625130         0.024315863        0.0016604306           1.0000000
               10701          -1.9968788          0.99920428       0.00074806093         0.025902319        0.0017250516           1.0000000
               10801          -1.9974114          0.99933802       0.00070641607         0.021117355        0.0014264188           1.0000000
               10901          -1.9971379          0.99927209       0.00076369140         0.023385076        0.0015484449           1.0000000
               11001          -1.9970657          0.99924916       0.00074265976         0.024095318        0.0016270541           1.0000000
               11101          -1.9972057          0.99928925       0.00072515990         0.022820268        0.0015148980           1.0000000
               11201          -1.9972261          0.99929292       0.00071422194         0.022859251        0.0015212902           1.0000000
               11301          -1.9972330          0.99929829       0.00071763561         0.022368836        0.0014683818           1.0000000
               11401          -1.9974309          0.99934655       0.00068524691         0.020996469        0.0013939755           1.0000000
               11501          -1.9970255          0.99923702       0.00074210938         0.024837546        0.0017121946           1.0000000
               11601          -1.9970528          0.99924446       0.00072148953         0.024354335        0.0016775349           1.0000000
               11701          -1.9973729          0.99933168       0.00067601060         0.021476529        0.0014297495           1.0000000
               11801          -1.9972867          0.99930980       0.00069400898         0.022429258        0.0014881232           1.0000000
               11901          -1.9973103          0.99931770       0.00069994118         0.021416789        0.0014069325           1.0000000
               12001          -1.9972152          0.99928964       0.00072243980         0.022775871        0.0015288460           1.0000000
               12101          -1.9973448          0.99932485       0.00069250475         0.022087099        0.0014621607           1.0000000
               12201          -1.9970675          0.99925088       0.00075157774         0.023803737        0.0016081650           1.0000000
               12301          -1.9972677          0.99930697       0.00071335664         0.022699535        0.0014914850           1.0000000
               12401          -1.9970728          0.99925046       0.00073824692         0.024531675        0.0016759313           1.0000000
               12501          -1.9971530          0.99927806       0.00070314375         0.022839013        0.0014993831           1.0000000
               12601          -1.9970598          0.99924768       0.00074359178         0.024219157        0.0016385365           1.0000000
               12701          -1.9971931          0.99928391       0.00071785686         0.023583505        0.0015734888           1.0000000
               12801          -1.9971682          0.99927818       0.00072435747         0.023468382        0.0015758268           1.0000000
               12901          -1.9970692          0.99925432       0.00075420510         0.024000843        0.0015960490           1.0000000
               13001          -1.9972941          0.99930967       0.00068417814         0.021936923        0.0014730951           1.0000000
               13101          -1.9971300          0.99926990       0.00073849324         0.023475693        0.0015538241           1.0000000
               13201          -1.9970290          0.99924324       0.00073933793         0.024442933        0.0016268452           1.0000000
               13301          -1.9972844          0.99930644       0.00069543643         0.022564110        0.0015225002           1.0000000
               13401          -1.9971368          0.99927132       0.00070293262         0.023856079        0.0015867314           1.0000000
               13501          -1.9970350          0.99924117       0.00073550107         0.024697798        0.0016887863           1.0000000
               13601          -1.9971590          0.99927395       0.00073818102         0.023299023        0.0015691570           1.0000000
               13701          -1.9972243          0.99929239       0.00073534778         0.023593599        0.0015784161           1.0000000
               13801          -1.9971314          0.99927107       0.00073364249         0.023799169        0.0015800866           1.0000000
               13901          -1.9970793          0.99925617       0.00072153083         0.023941342        0.0016030151           1.0000000
               14001          -1.9972723          0.99930791       0.00072209128         0.022082153        0.0014554279           1.0000000
               14101          -1.9971073          0.99926246       0.00073239487         0.023405621        0.0015766150           1.0000000
               14201          -1.9970840          0.99925569       0.00072970213         0.023968700        0.0016205226           1.0000000
               14301          -1.9970317          0.99924271       0.00073806028         0.024571559        0.0016487953           1.0000000
               14401          -1.9972592          0.99930005       0.00071349212         0.022257380        0.0015039092           1.0000000
               14501          -1.9971967          0.99928350       0.00072081236         0.023279710        0.0015696998           1.0000000
               14601          -1.9971920          0.99928395       0.00073111431         0.023030502        0.0015461607           1.0000000
               14701          -1.9973056          0.99931501       0.00070505408         0.021973358        0.0014557425           1.0000000
               14801          -1.9970347          0.99924127       0.00074386866         0.024753766        0.0016817630           1.0000000
               14901          -1.9972015          0.99928495       0.00071505268         0.022793203        0.0015383159           1.0000000
               15001          -1.9970729          0.99925338       0.00073728418         0.023837594        0.0016049034           1.0000000
               15101          -1.9971015          0.99926164       0.00073538176         0.023808579        0.0015831340           1.0000000
               15201          -1.9970022          0.99923163       0.00075652918         0.025058586        0.0017110830           1.0000000
               15301          -1.9972512          0.99930233       0.00067806026         0.022256945        0.0014672873           1.0000000
               15401          -1.9972125          0.99928706       0.00072625154         0.023152612        0.0015718956           1.0000000
               15501          -1.9972550          0.99930005       0.00072156635         0.022303101        0.0014968193           1.0000000
               15601          -1.9972374          0.99929492       0.00069899365         0.022663421        0.0015151359           1.0000000
               15701          -1.9972167          0.99929113       0.00072638685         0.022698464        0.0015237311           1.0000000
               15801          -1.9971584          0.99927283       0.00072811847         0.023208974        0.0015731872           1.0000000
               15901          -1.9971027          0.99925696       0.00073171499         0.024305925        0.0016652045           1.0000000
               16001          -1.9973302          0.99931973       0.00069214424         0.021537272        0.0014429163           1.0000000
               16101          -1.9971859          0.99928234       0.00073038942         0.023248062        0.0015547474           1.0000000
               16201          -1.9970446          0.99924758       0.00075149682         0.023605870        0.0015721984           1.0000000
               16301          -1.9971505          0.99927428       0.00070946568         0.023241270        0.0015511859           1.0000000
               16401          -1.9970514          0.99924730       0.00073318700         0.023842587        0.0016275335           1.0000000
               16501          -1.9973977          0.99933580       0.00069450336         0.021760104        0.0014682830           1.0000000
               16601          -1.9971719          0.99927534       0.00072495633         0.023403860        0.0015886368           1.0000000
               16701          -1.9971924          0.99928747       0.00071492725         0.023266891        0.0015321446           1.0000000
               16801          -1.9972073          0.99928754       0.00072555205         0.023007367        0.0015385247           1.0000000
               16901          -1.9972073          0.99928850       0.00072451334         0.022492940        0.0015045088           1.0000000
               17001          -1.9971361          0.99926887       0.00072260455         0.023501072        0.0015813661           1.0000000
               17101          -1.9971013          0.99926145       0.00073577569         0.023287840        0.0015571504           1.0000000
               17201          -1.9971106          0.99926254       0.00074298006         0.023868344        0.0016038685           1.0000000
               17301          -1.9971666          0.99927779       0.00073839662         0.023307522        0.0015560015           1.0000000
               17401          -1.9971243          0.99926872       0.00072409632         0.023890584        0.0015865632           1.0000000
               17501          -1.9971567          0.99927347       0.00072910119         0.023265392        0.0015699028           1.0000000
               17601          -1.9971439          0.99927277       0.00072581103         0.023615123        0.0015747159           1.0000000
               17701          -1.9974911          0.99936247       0.00069035648         0.021126035        0.0013983486           1.0000000
               17801          -1.9971631          0.99927616       0.00071400483         0.023188261        0.0015605500           1.0000000
               17901          -1.9971912          0.99928244       0.00071699905         0.023059594        0.0015598675           1.0000000
               18001          -1.9972685          0.99930337       0.00071496028         0.022602998        0.0015246772           1.0000000
               18101          -1.9972587          0.99930087       0.00070161870         0.022504335        0.0015054964           1.0000000
               18201          -1.9971166          0.99926460       0.00072441075         0.023310398        0.0015665443           1.0000000
               18301          -1.9972012          0.99928829       0.00071717392         0.022876298        0.0015169659           1.0000000
               18401          -1.9972436          0.99930004       0.00071300473         0.022529141        0.0014843648           1.0000000
               18501          -1.9972537          0.99929923       0.00070144857         0.023267036        0.0015769846           1.0000000
               18601          -1.9971856          0.99928391       0.00072630504         0.023150755        0.0015711343           1.0000000
               18701          -1.9969980          0.99923480       0.00075316828         0.024911372        0.0016694293           1.0000000
               18801          -1.9970789          0.99925589       0.00072921653         0.023759843        0.0015837436           1.0000000
               18901          -1.9972705          0.99930453       0.00069705307         0.022578400        0.0015085572           1.0000000
               19001          -1.9971244          0.99926793       0.00072522499         0.023663494        0.0015771160           1.0000000
               19101          -1.9971546          0.99927674       0.00072430763         0.023493063        0.0015587279           1.0000000
               19201          -1.9972824          0.99930472       0.00071037967         0.022532105        0.0015284217           1.0000000
               19301          -1.9970095          0.99923268       0.00075358790         0.024723844        0.0016939231           1.0000000
               19401          -1.9971166          0.99926627       0.00073655997         0.023526726        0.0015603407           1.0000000
               19501          -1.9971360          0.99926799       0.00069483616         0.023267485        0.0015748014           1.0000000
               19601          -1.9970828          0.99925744       0.00071412173         0.023815002        0.0015808781           1.0000000
               19701          -1.9970565          0.99925131       0.00073600325         0.024291277        0.0016152841           1.0000000
               19801          -1.9971017          0.99926064       0.00072521590         0.024066751        0.0016155915           1.0000000
               19901          -1.9971434          0.99927240       0.00073564143         0.023655093        0.0015791031           1.0000000
