|   # Monte Carlo cycles  | Energy-Mean | Magnetization-Mean | # Accepted configurations |  Specific heat  | Susceptibility | Temperature |

                   1          -1.7800000          0.93000000         0.065000000           0.0000000           0.0000000           2.4000000
                 101          -1.3523762          0.70519802          0.22425743           1.4347014           1.4257360           2.4000000
                 201          -1.1845771          0.29689055          0.28508706           1.1350156           8.5105569           2.4000000
                 301          -1.2899668          0.53870432          0.25210963           1.4298403           7.5749140           2.4000000
                 401          -1.3229177          0.59380299          0.23789277           1.4060485           5.4373339           2.4000000
                 501          -1.2514172          0.47052894          0.26424651           1.4247746           7.7240468           2.4000000
                 601          -1.2963062          0.57994176          0.24920133           1.4198558           4.7910075           2.4000000
                 701          -1.3192582          0.62649073          0.23830956           1.4641003           3.6602989           2.4000000
                 801          -1.3092010          0.59802747          0.24220350           1.1120378           3.7544597           2.4000000
                 901          -1.2303774          0.44761376          0.27124861           1.2769355           7.6505586           2.4000000
                1001          -1.2348551          0.43263237          0.27010490           1.3652739           8.9949532           2.4000000
                1101          -1.2628065          0.51076294          0.26002952           1.4879294           8.8142309           2.4000000
                1201          -1.2221399          0.43037885          0.27472523           1.2458484           7.6220445           2.4000000
                1301          -1.2369101          0.42434666          0.26945619           1.7012756           11.289488           2.4000000
                1401          -1.2377873          0.47707709          0.26938437           1.3152877           7.5432971           2.4000000
                1501          -1.2066822          0.38098934          0.28037475           1.2413057           7.8071237           2.4000000
                1601          -1.3106433          0.60818863          0.24154591           1.3743423           4.0446072           2.4000000
                1701          -1.2480894          0.47282187          0.26535861           1.5998714           9.7161430           2.4000000
                1801          -1.2369906          0.45696835          0.27014298           1.4437153           8.3970754           2.4000000
                1901          -1.2355129          0.45065492          0.26949763           1.4718140           9.9489093           2.4000000
                2001          -1.3039180          0.60635682          0.24340705           1.3347799           4.6820124           2.4000000
                2101          -1.2481390          0.45462637          0.26502737           1.7292369           9.2698383           2.4000000
                2201          -1.2767378          0.53735575          0.25312017           1.5925835           8.5455748           2.4000000
                2301          -1.2059974          0.36674489          0.28001956           1.4795148           9.1998746           2.4000000
                2401          -1.2329654          0.46893586          0.27159309           1.4029017           7.2915942           2.4000000
                2501          -1.2650500          0.49139144          0.25775690           1.3846605           9.1844834           2.4000000
                2601          -1.1848674          0.31840254          0.28878989           1.2834908           9.2309552           2.4000000
                2701          -1.2480007          0.47968345          0.26495094           1.5002058           8.5959678           2.4000000
                2801          -1.2260514          0.45772224          0.27338004           1.4147360           7.5411530           2.4000000
                2901          -1.2430989          0.49266632          0.26740865           1.4321077           7.1067362           2.4000000
                3001          -1.2596601          0.50294069          0.26103882           1.3704055           7.9770478           2.4000000
                3101          -1.2186811          0.40950177          0.27620203           1.3089439           9.9163068           2.4000000
                3201          -1.2582787          0.49178382          0.26139644           1.4569756           9.0994931           2.4000000
                3301          -1.2435232          0.47851863          0.26645335           1.4961318           8.4674571           2.4000000
                3401          -1.2347074          0.45353572          0.26912232           1.4507443           9.0495593           2.4000000
                3501          -1.2820594          0.55984005          0.25201442           1.4527248           6.4325412           2.4000000
                3601          -1.2354818          0.45179950          0.26982366           1.5989924           10.080470           2.4000000
                3701          -1.2233694          0.44357606          0.27430965           1.2367281           7.2992613           2.4000000
                3801          -1.2235412          0.43533281          0.27402591           1.5495216           9.2720996           2.4000000
                3901          -1.2287593          0.45652012          0.27229172           1.3576860           7.6421104           2.4000000
                4001          -1.2604974          0.50030492          0.26005686           1.4476192           8.5959834           2.4000000
                4101          -1.2473641          0.49643258          0.26597720           1.4738310           8.0061208           2.4000000
                4201          -1.2478505          0.48350274          0.26546299           1.2833699           7.3095407           2.4000000
                4301          -1.2266124          0.43152406          0.27395431           1.4950519           9.5592143           2.4000000
                4401          -1.2417769          0.47735401          0.26752783           1.3700533           8.2904174           2.4000000
                4501          -1.2343390          0.43398356          0.27073539           1.5569250           9.3616020           2.4000000
                4601          -1.2244382          0.42142578          0.27447131           1.3773541           9.5397322           2.4000000
                4701          -1.2529121          0.49265582          0.26314986           1.5326679           8.8014436           2.4000000
                4801          -1.2378255          0.43990939          0.26927984           1.4688852           9.6079944           2.4000000
                4901          -1.2245052          0.41294226          0.27466588           1.2684674           9.0042652           2.4000000
                5001          -1.2335393          0.43922615          0.27077734           1.4221372           8.4199412           2.4000000
                5101          -1.2224681          0.42159381          0.27389629           1.3017467           8.7318415           2.4000000
                5201          -1.2302442          0.43798885          0.27194482           1.3546672           8.2812076           2.4000000
                5301          -1.2730636          0.52162988          0.25628231           1.5812012           8.6727997           2.4000000
                5401          -1.2498315          0.50373727          0.26359193           1.2887730           7.5170489           2.4000000
                5501          -1.2358044          0.46159335          0.26972914           1.3115540           7.7119875           2.4000000
                5601          -1.2182521          0.41250223          0.27651803           1.4497459           9.4743768           2.4000000
                5701          -1.2304947          0.45335292          0.27150193           1.5171973           8.8603252           2.4000000
                5801          -1.2385778          0.44745303          0.26923806           1.4730239           9.2978608           2.4000000
                5901          -1.2383969          0.44970259          0.26902517           1.3816401           8.8473889           2.4000000
                6001          -1.2252341          0.43484586          0.27403266           1.4775558           9.2503717           2.4000000
                6101          -1.2345763          0.44426897          0.27072775           1.4537420           9.2472802           2.4000000
                6201          -1.2483341          0.48840026          0.26487502           1.5147209           8.3934844           2.4000000
                6301          -1.2323330          0.44362165          0.27087645           1.3663143           8.7366834           2.4000000
                6401          -1.2219122          0.42233010          0.27516326           1.3009664           8.1887354           2.4000000
                6501          -1.2302584          0.44171128          0.27152477           1.3375332           8.8603891           2.4000000
                6601          -1.2379821          0.45618315          0.26907931           1.4497858           9.2745723           2.4000000
                6701          -1.2268661          0.43578197          0.27287308           1.4693059           9.1855955           2.4000000
                6801          -1.2497677          0.47976695          0.26479966           1.3742366           8.1524875           2.4000000
                6901          -1.2404173          0.45882553          0.26813252           1.3288734           8.5656344           2.4000000
                7001          -1.2514484          0.48518497          0.26355414           1.4402339           8.6672412           2.4000000
                7101          -1.2465864          0.48141811          0.26590234           1.4432949           8.3024485           2.4000000
                7201          -1.2386085          0.44684488          0.26836724           1.5507555           9.8610891           2.4000000
                7301          -1.2191248          0.39985892          0.27591392           1.3401390           9.6333939           2.4000000
                7401          -1.2367477          0.46496622          0.26888866           1.4724138           8.5624643           2.4000000
                7501          -1.2509345          0.48052793          0.26382882           1.5188748           9.3298073           2.4000000
                7601          -1.2279989          0.43337061          0.27297856           1.4070395           9.3302185           2.4000000
                7701          -1.2339930          0.44419945          0.27004610           1.4300390           9.0357051           2.4000000
                7801          -1.2429137          0.46782400          0.26687188           1.4998724           8.8395053           2.4000000
                7901          -1.2406366          0.45461714          0.26778288           1.4227937           9.1797751           2.4000000
                8001          -1.2366604          0.44566554          0.26992782           1.4972067           8.9538502           2.4000000
                8101          -1.2445377          0.47462289          0.26655413           1.4336518           9.0286461           2.4000000
                8201          -1.2569870          0.50163029          0.26201835           1.3919699           7.7105902           2.4000000
                8301          -1.2354355          0.43973377          0.26955126           1.4215820           9.3095413           2.4000000
                8401          -1.2428854          0.46657779          0.26673015           1.4824662           9.2584903           2.4000000
                8501          -1.2260311          0.44381132          0.27348253           1.3514953           8.3694401           2.4000000
                8601          -1.2214963          0.40945297          0.27560574           1.4202664           9.6906135           2.4000000
                8701          -1.2207700          0.42277497          0.27514136           1.4073242           9.0961015           2.4000000
                8801          -1.2185184          0.40817691          0.27620697           1.3068313           8.7837854           2.4000000
                8901          -1.2453140          0.47501517          0.26651612           1.4252475           8.4182999           2.4000000
                9001          -1.2378558          0.44887735          0.26902927           1.4708429           9.0980545           2.4000000
                9101          -1.2412427          0.46231568          0.26764751           1.4375515           9.1753960           2.4000000
                9201          -1.2194088          0.40813009          0.27588170           1.4202652           9.2237357           2.4000000
                9301          -1.2248597          0.41703634          0.27409096           1.4880982           9.6372878           2.4000000
                9401          -1.2181087          0.42804117          0.27659265           1.3444047           8.0787638           2.4000000
                9501          -1.2298705          0.43454110          0.27209846           1.3652784           9.3051705           2.4000000
                9601          -1.2077336          0.38365587          0.28024659           1.2977474           9.2075917           2.4000000
                9701          -1.2410865          0.47252397          0.26782213           1.3954285           8.6048487           2.4000000
                9801          -1.2329803          0.44915621          0.27079788           1.4086094           8.7340768           2.4000000
                9901          -1.2478336          0.47098121          0.26539592           1.5545977           9.7424375           2.4000000
               10001          -1.2357974          0.46050295          0.26975452           1.3834454           8.2626699           2.4000000
               10101          -1.2425423          0.46227057          0.26695401           1.3663273           8.4171204           2.4000000
               10201          -1.2323086          0.44122488          0.27077983           1.3615899           8.3883716           2.4000000
               10301          -1.2391195          0.46240802          0.26863217           1.3585798           8.1943281           2.4000000
               10401          -1.2436977          0.48058264          0.26716470           1.4040329           7.3994435           2.4000000
               10501          -1.2492277          0.48979050          0.26487549           1.3936757           7.5212081           2.4000000
               10601          -1.2431799          0.46791529          0.26689086           1.4749585           9.1304528           2.4000000
               10701          -1.2138352          0.40057658          0.27812377           1.3096544           8.7353907           2.4000000
               10801          -1.2366290          0.45423433          0.26951579           1.4794744           9.0972181           2.4000000
               10901          -1.2517347          0.48128291          0.26429754           1.5369952           8.8531118           2.4000000
               11001          -1.2341660          0.44681165          0.27012022           1.3435191           8.4825954           2.4000000
               11101          -1.2346671          0.45400865          0.27017003           1.4860554           8.9690195           2.4000000
               11201          -1.2566316          0.50207214          0.26189403           1.5454957           8.2410805           2.4000000
               11301          -1.2388036          0.44762676          0.26893660           1.4776681           9.4771362           2.4000000
               11401          -1.2347066          0.44311859          0.27006578           1.3663546           9.0319233           2.4000000
               11501          -1.2377150          0.45398748          0.26923202           1.4228603           8.8817151           2.4000000
               11601          -1.2340281          0.45575468          0.27048250           1.4003634           8.3273851           2.4000000
               11701          -1.2545475          0.48680839          0.26285040           1.5548940           8.9007191           2.4000000
               11801          -1.2268147          0.43245572          0.27296543           1.4195699           9.5063820           2.4000000
               11901          -1.2377666          0.44940635          0.26922275           1.3485762           9.0146169           2.4000000
               12001          -1.2535214          0.48863803          0.26297454           1.3118281           7.6275083           2.4000000
               12101          -1.2439303          0.46773366          0.26654305           1.4352973           9.1370854           2.4000000
               12201          -1.2362839          0.46411892          0.26982419           1.3500983           8.1366654           2.4000000
               12301          -1.2427014          0.47220267          0.26697484           1.4824130           8.6633166           2.4000000
               12401          -1.2503322          0.49395049          0.26449661           1.4284804           7.9814997           2.4000000
               12501          -1.2255708          0.41954564          0.27384729           1.3924611           9.2494610           2.4000000
               12601          -1.2353321          0.43290532          0.27028033           1.4585892           9.5327036           2.4000000
               12701          -1.2405818          0.46015353          0.26776927           1.4795532           9.0020077           2.4000000
               12801          -1.2403703          0.46543317          0.26756621           1.3848096           8.6284056           2.4000000
               12901          -1.2545237          0.50109759          0.26277808           1.5033158           8.0011421           2.4000000
               13001          -1.2230321          0.41810591          0.27468925           1.3326308           9.2532534           2.4000000
               13101          -1.2356858          0.45164262          0.26977693           1.4124906           9.1600870           2.4000000
               13201          -1.2329142          0.45109310          0.27057590           1.3410032           8.3544350           2.4000000
               13301          -1.2510916          0.48181152          0.26390441           1.4581148           8.7977323           2.4000000
               13401          -1.2332983          0.45959928          0.27046638           1.5167795           9.1040923           2.4000000
               13501          -1.2515873          0.48235057          0.26364214           1.4868214           8.6238326           2.4000000
               13601          -1.2283619          0.42521138          0.27292203           1.4291734           9.5111752           2.4000000
               13701          -1.2201036          0.41466061          0.27544249           1.3315059           8.9699465           2.4000000
               13801          -1.2452663          0.46844685          0.26631730           1.4626237           9.0395917           2.4000000
               13901          -1.2460866          0.48184411          0.26623984           1.4451844           8.2571770           2.4000000
               14001          -1.2248532          0.43616027          0.27400346           1.2947454           8.2873625           2.4000000
               14101          -1.2223459          0.42596589          0.27459613           1.3771423           8.8265672           2.4000000
               14201          -1.2589980          0.50579642          0.26083093           1.3793661           7.9728176           2.4000000
               14301          -1.2373547          0.45506363          0.26963429           1.4206827           8.3566545           2.4000000
               14401          -1.2460475          0.47573537          0.26620148           1.3525470           8.3464662           2.4000000
               14501          -1.2350941          0.44915902          0.27020671           1.3935466           8.6704948           2.4000000
               14601          -1.2316841          0.44468940          0.27126909           1.3740292           8.4837781           2.4000000
               14701          -1.2334855          0.45299095          0.27056000           1.4245932           8.6413378           2.4000000
               14801          -1.2398426          0.46601513          0.26835332           1.4447153           8.7284454           2.4000000
               14901          -1.2275257          0.42919737          0.27275502           1.3581502           8.9054499           2.4000000
               15001          -1.2397753          0.46628025          0.26803963           1.3426760           8.3289929           2.4000000
               15101          -1.2504351          0.48472816          0.26417853           1.4466897           8.1332004           2.4000000
               15201          -1.2349023          0.45783731          0.27007154           1.4357749           8.5453021           2.4000000
               15301          -1.2205032          0.42258382          0.27525848           1.3348089           8.5817101           2.4000000
               15401          -1.2352549          0.44517531          0.26983167           1.4281722           9.1303517           2.4000000
               15501          -1.2581595          0.49511225          0.26144281           1.5131093           8.8530628           2.4000000
               15601          -1.2442337          0.47032017          0.26675534           1.5067182           8.5909175           2.4000000
               15701          -1.2384141          0.45438380          0.26851188           1.3860525           8.7305231           2.4000000
               15801          -1.2384001          0.45256186          0.26888203           1.4276204           9.0776928           2.4000000
               15901          -1.2359682          0.44629426          0.26975379           1.3866879           9.2988760           2.4000000
               16001          -1.2379720          0.45042497          0.26907850           1.4783221           9.1610281           2.4000000
               16101          -1.2335886          0.44053910          0.27109776           1.3326900           9.1120155           2.4000000
               16201          -1.2376359          0.45118789          0.26890501           1.4229980           8.7496926           2.4000000
               16301          -1.2246825          0.43217809          0.27388995           1.3329145           8.6950825           2.4000000
               16401          -1.2519170          0.48125907          0.26395830           1.5088906           8.9992582           2.4000000
               16501          -1.2323586          0.45147779          0.27139795           1.4124119           8.6893000           2.4000000
               16601          -1.2302199          0.43513222          0.27190998           1.3880351           9.1345048           2.4000000
               16701          -1.2321657          0.44396294          0.27129483           1.3706039           9.1350247           2.4000000
               16801          -1.2307625          0.44953187          0.27143295           1.3993121           8.7527845           2.4000000
               16901          -1.2442873          0.47641145          0.26663955           1.4435961           8.5136871           2.4000000
               17001          -1.2378707          0.45883742          0.26909917           1.3848145           8.0643878           2.4000000
               17101          -1.2395959          0.46368633          0.26825756           1.4171089           8.4105151           2.4000000
               17201          -1.2313214          0.44440352          0.27138393           1.3384899           8.6358718           2.4000000
               17301          -1.2450020          0.47758945          0.26617450           1.3913555           8.4551119           2.4000000
               17401          -1.2218292          0.42680421          0.27463163           1.3210299           9.0425089           2.4000000
               17501          -1.2302354          0.44285498          0.27213316           1.4010145           8.6056185           2.4000000
               17601          -1.2355753          0.45479177          0.26963752           1.4537266           9.0464298           2.4000000
               17701          -1.2417643          0.46597480          0.26720651           1.3960605           8.4579558           2.4000000
               17801          -1.2450918          0.46360092          0.26615485           1.4338430           9.0772764           2.4000000
               17901          -1.2319658          0.44858081          0.27078348           1.4122679           8.8188902           2.4000000
               18001          -1.2418516          0.45907616          0.26759444           1.3962557           8.5580740           2.4000000
               18101          -1.2301083          0.43719214          0.27161552           1.3624853           9.1803709           2.4000000
               18201          -1.2463464          0.46965194          0.26625652           1.3667664           8.4844713           2.4000000
               18301          -1.2340063          0.44217474          0.27027703           1.4578607           9.1969988           2.4000000
               18401          -1.2476501          0.47818651          0.26488615           1.3562299           8.1867556           2.4000000
               18501          -1.2365796          0.45409870          0.26932166           1.3916619           8.5238356           2.4000000
               18601          -1.2310327          0.44024891          0.27154750           1.3348508           8.4868309           2.4000000
               18701          -1.2385450          0.46254371          0.26864165           1.4270550           8.8079073           2.4000000
               18801          -1.2318515          0.43504627          0.27133969           1.3832230           9.0249819           2.4000000
               18901          -1.2424099          0.46007619          0.26748783           1.4543555           9.1470600           2.4000000
               19001          -1.2428109          0.46942214          0.26744132           1.4065677           8.6105767           2.4000000
               19101          -1.2406670          0.45962541          0.26817902           1.4095404           8.5342770           2.4000000
               19201          -1.2310244          0.44067549          0.27160981           1.3855989           8.8567595           2.4000000
               19301          -1.2380540          0.45082535          0.26910108           1.3604502           8.9004512           2.4000000
               19401          -1.2475599          0.48055410          0.26533104           1.4899106           8.9448559           2.4000000
               19501          -1.2377719          0.44402620          0.26908210           1.4403816           9.6078574           2.4000000
               19601          -1.2327555          0.44232284          0.27097036           1.4131425           8.9419234           2.4000000
               19701          -1.2306431          0.44049972          0.27154015           1.3936495           9.0272423           2.4000000
               19801          -1.2222453          0.42378466          0.27501351           1.3922830           9.0364100           2.4000000
               19901          -1.2342777          0.44494975          0.27045035           1.3785333           8.9526661           2.4000000