|  Energies | Energy counts |
-800.00000      0.0000000
-796.00000      0.0000000
-792.00000      0.0000000
-788.00000      1.0000000
-784.00000      1.0000000
-780.00000      0.0000000
-776.00000      5.0000000
-772.00000      3.0000000
-768.00000      7.0000000
-764.00000      9.0000000
-760.00000      28.000000
-756.00000      20.000000
-752.00000      45.000000
-748.00000      42.000000
-744.00000      64.000000
-740.00000      77.000000
-736.00000      127.00000
-732.00000      170.00000
-728.00000      286.00000
-724.00000      309.00000
-720.00000      432.00000
-716.00000      610.00000
-712.00000      913.00000
-708.00000      1204.0000
-704.00000      1601.0000
-700.00000      2254.0000
-696.00000      3244.0000
-692.00000      4233.0000
-688.00000      5539.0000
-684.00000      7143.0000
-680.00000      9204.0000
-676.00000      11820.000
-672.00000      14845.000
-668.00000      19035.000
-664.00000      23446.000
-660.00000      28999.000
-656.00000      35356.000
-652.00000      42922.000
-648.00000      51959.000
-644.00000      62048.000
-640.00000      73261.000
-636.00000      86482.000
-632.00000      101603.00
-628.00000      117672.00
-624.00000      134952.00
-620.00000      155135.00
-616.00000      177596.00
-612.00000      201097.00
-608.00000      227753.00
-604.00000      254447.00
-600.00000      284749.00
-596.00000      316408.00
-592.00000      349188.00
-588.00000      384447.00
-584.00000      421636.00
-580.00000      460622.00
-576.00000      501101.00
-572.00000      541448.00
-568.00000      584086.00
-564.00000      627102.00
-560.00000      671146.00
-556.00000      719301.00
-552.00000      767102.00
-548.00000      812731.00
-544.00000      859168.00
-540.00000      909090.00
-536.00000      954151.00
-532.00000      1003710.0
-528.00000      1049310.0
-524.00000      1092441.0
-520.00000      1139304.0
-516.00000      1179823.0
-512.00000      1219179.0
-508.00000      1254869.0
-504.00000      1286432.0
-500.00000      1316242.0
-496.00000      1339996.0
-492.00000      1360189.0
-488.00000      1371169.0
-484.00000      1378119.0
-480.00000      1379107.0
-476.00000      1368722.0
-472.00000      1354988.0
-468.00000      1333950.0
-464.00000      1303484.0
-460.00000      1265024.0
-456.00000      1221224.0
-452.00000      1173015.0
-448.00000      1119359.0
-444.00000      1056436.0
-440.00000      996861.00
-436.00000      927155.00
-432.00000      860942.00
-428.00000      791535.00
-424.00000      721584.00
-420.00000      651308.00
-416.00000      585601.00
-412.00000      521193.00
-408.00000      461581.00
-404.00000      403943.00
-400.00000      350630.00
-396.00000      300986.00
-392.00000      256963.00
-388.00000      217928.00
-384.00000      182898.00
-380.00000      151195.00
-376.00000      123562.00
-372.00000      100595.00
-368.00000      81877.000
-364.00000      65239.000
-360.00000      51626.000
-356.00000      39912.000
-352.00000      31393.000
-348.00000      23979.000
-344.00000      18239.000
-340.00000      13351.000
-336.00000      10002.000
-332.00000      7323.0000
-328.00000      5445.0000
-324.00000      3755.0000
-320.00000      2778.0000
-316.00000      2027.0000
-312.00000      1308.0000
-308.00000      925.00000
-304.00000      608.00000
-300.00000      393.00000
-296.00000      271.00000
-292.00000      175.00000
-288.00000      122.00000
-284.00000      87.000000
-280.00000      51.000000
-276.00000      35.000000
-272.00000      20.000000
-268.00000      14.000000
-264.00000      11.000000
-260.00000      2.0000000
-256.00000      1.0000000
-252.00000      2.0000000
-248.00000      0.0000000
-244.00000      1.0000000
-240.00000      0.0000000
-236.00000      1.0000000
-232.00000      0.0000000
-228.00000      0.0000000
-224.00000      0.0000000
-220.00000      0.0000000
-216.00000      0.0000000
-212.00000      0.0000000
-208.00000      0.0000000
-204.00000      0.0000000
-200.00000      0.0000000
-196.00000      0.0000000
-192.00000      0.0000000
-188.00000      0.0000000
-184.00000      0.0000000
-180.00000      0.0000000
-176.00000      0.0000000
-172.00000      0.0000000
-168.00000      0.0000000
-164.00000      0.0000000
-160.00000      0.0000000
-156.00000      0.0000000
-152.00000      0.0000000
-148.00000      0.0000000
-144.00000      0.0000000
-140.00000      0.0000000
-136.00000      0.0000000
-132.00000      0.0000000
-128.00000      0.0000000
-124.00000      0.0000000
-120.00000      0.0000000
-116.00000      0.0000000
-112.00000      0.0000000
-108.00000      0.0000000
-104.00000      0.0000000
-100.00000      0.0000000
-96.000000      0.0000000
-92.000000      0.0000000
-88.000000      0.0000000
-84.000000      0.0000000
-80.000000      0.0000000
-76.000000      0.0000000
-72.000000      0.0000000
-68.000000      0.0000000
-64.000000      0.0000000
-60.000000      0.0000000
-56.000000      0.0000000
-52.000000      0.0000000
-48.000000      0.0000000
-44.000000      0.0000000
-40.000000      0.0000000
-36.000000      0.0000000
-32.000000      0.0000000
-28.000000      0.0000000
-24.000000      0.0000000
-20.000000      0.0000000
-16.000000      0.0000000
-12.000000      0.0000000
-8.0000000      0.0000000
-4.0000000      0.0000000
 0.0000000      0.0000000
 4.0000000      0.0000000
 8.0000000      0.0000000
 12.000000      0.0000000
 16.000000      0.0000000
 20.000000      0.0000000
 24.000000      0.0000000
 28.000000      0.0000000
 32.000000      0.0000000
 36.000000      0.0000000
 40.000000      0.0000000
 44.000000      0.0000000
 48.000000      0.0000000
 52.000000      0.0000000
 56.000000      0.0000000
 60.000000      0.0000000
 64.000000      0.0000000
 68.000000      0.0000000
 72.000000      0.0000000
 76.000000      0.0000000
 80.000000      0.0000000
 84.000000      0.0000000
 88.000000      0.0000000
 92.000000      0.0000000
 96.000000      0.0000000
 100.00000      0.0000000
 104.00000      0.0000000
 108.00000      0.0000000
 112.00000      0.0000000
 116.00000      0.0000000
 120.00000      0.0000000
 124.00000      0.0000000
 128.00000      0.0000000
 132.00000      0.0000000
 136.00000      0.0000000
 140.00000      0.0000000
 144.00000      0.0000000
 148.00000      0.0000000
 152.00000      0.0000000
 156.00000      0.0000000
 160.00000      0.0000000
 164.00000      0.0000000
 168.00000      0.0000000
 172.00000      0.0000000
 176.00000      0.0000000
 180.00000      0.0000000
 184.00000      0.0000000
 188.00000      0.0000000
 192.00000      0.0000000
 196.00000      0.0000000
 200.00000      0.0000000
 204.00000      0.0000000
 208.00000      0.0000000
 212.00000      0.0000000
 216.00000      0.0000000
 220.00000      0.0000000
 224.00000      0.0000000
 228.00000      0.0000000
 232.00000      0.0000000
 236.00000      0.0000000
 240.00000      0.0000000
 244.00000      0.0000000
 248.00000      0.0000000
 252.00000      0.0000000
 256.00000      0.0000000
 260.00000      0.0000000
 264.00000      0.0000000
 268.00000      0.0000000
 272.00000      0.0000000
 276.00000      0.0000000
 280.00000      0.0000000
 284.00000      0.0000000
 288.00000      0.0000000
 292.00000      0.0000000
 296.00000      0.0000000
 300.00000      0.0000000
 304.00000      0.0000000
 308.00000      0.0000000
 312.00000      0.0000000
 316.00000      0.0000000
 320.00000      0.0000000
 324.00000      0.0000000
 328.00000      0.0000000
 332.00000      0.0000000
 336.00000      0.0000000
 340.00000      0.0000000
 344.00000      0.0000000
 348.00000      0.0000000
 352.00000      0.0000000
 356.00000      0.0000000
 360.00000      0.0000000
 364.00000      0.0000000
 368.00000      0.0000000
 372.00000      0.0000000
 376.00000      0.0000000
 380.00000      0.0000000
 384.00000      0.0000000
 388.00000      0.0000000
 392.00000      0.0000000
 396.00000      0.0000000
 400.00000      0.0000000
 404.00000      0.0000000
 408.00000      0.0000000
 412.00000      0.0000000
 416.00000      0.0000000
 420.00000      0.0000000
 424.00000      0.0000000
 428.00000      0.0000000
 432.00000      0.0000000
 436.00000      0.0000000
 440.00000      0.0000000
 444.00000      0.0000000
 448.00000      0.0000000
 452.00000      0.0000000
 456.00000      0.0000000
 460.00000      0.0000000
 464.00000      0.0000000
 468.00000      0.0000000
 472.00000      0.0000000
 476.00000      0.0000000
 480.00000      0.0000000
 484.00000      0.0000000
 488.00000      0.0000000
 492.00000      0.0000000
 496.00000      0.0000000
 500.00000      0.0000000
 504.00000      0.0000000
 508.00000      0.0000000
 512.00000      0.0000000
 516.00000      0.0000000
 520.00000      0.0000000
 524.00000      0.0000000
 528.00000      0.0000000
 532.00000      0.0000000
 536.00000      0.0000000
 540.00000      0.0000000
 544.00000      0.0000000
 548.00000      0.0000000
 552.00000      0.0000000
 556.00000      0.0000000
 560.00000      0.0000000
 564.00000      0.0000000
 568.00000      0.0000000
 572.00000      0.0000000
 576.00000      0.0000000
 580.00000      0.0000000
 584.00000      0.0000000
 588.00000      0.0000000
 592.00000      0.0000000
 596.00000      0.0000000
 600.00000      0.0000000
 604.00000      0.0000000
 608.00000      0.0000000
 612.00000      0.0000000
 616.00000      0.0000000
 620.00000      0.0000000
 624.00000      0.0000000
 628.00000      0.0000000
 632.00000      0.0000000
 636.00000      0.0000000
 640.00000      0.0000000
 644.00000      0.0000000
 648.00000      0.0000000
 652.00000      0.0000000
 656.00000      0.0000000
 660.00000      0.0000000
 664.00000      0.0000000
 668.00000      0.0000000
 672.00000      0.0000000
 676.00000      0.0000000
 680.00000      0.0000000
 684.00000      0.0000000
 688.00000      0.0000000
 692.00000      0.0000000
 696.00000      0.0000000
 700.00000      0.0000000
 704.00000      0.0000000
 708.00000      0.0000000
 712.00000      0.0000000
 716.00000      0.0000000
 720.00000      0.0000000
 724.00000      0.0000000
 728.00000      0.0000000
 732.00000      0.0000000
 736.00000      0.0000000
 740.00000      0.0000000
 744.00000      0.0000000
 748.00000      0.0000000
 752.00000      0.0000000
 756.00000      0.0000000
 760.00000      0.0000000
 764.00000      0.0000000
 768.00000      0.0000000
 772.00000      0.0000000
 776.00000      0.0000000
 780.00000      0.0000000
 784.00000      0.0000000
 788.00000      0.0000000
 792.00000      0.0000000
 796.00000      0.0000000
