|  Energies | Energy counts |
-800.00000      43106454.
-796.00000      0.0000000
-792.00000      5789927.0
-788.00000      211972.00
-784.00000      396077.00
-780.00000      28717.000
-776.00000      18994.000
-772.00000      2015.0000
-768.00000      727.00000
-764.00000      79.000000
-760.00000      28.000000
-756.00000      7.0000000
-752.00000      3.0000000
-748.00000      0.0000000
-744.00000      0.0000000
-740.00000      0.0000000
-736.00000      0.0000000
-732.00000      0.0000000
-728.00000      0.0000000
-724.00000      0.0000000
-720.00000      0.0000000
-716.00000      0.0000000
-712.00000      0.0000000
-708.00000      0.0000000
-704.00000      0.0000000
-700.00000      0.0000000
-696.00000      0.0000000
-692.00000      0.0000000
-688.00000      0.0000000
-684.00000      0.0000000
-680.00000      0.0000000
-676.00000      0.0000000
-672.00000      0.0000000
-668.00000      0.0000000
-664.00000      0.0000000
-660.00000      0.0000000
-656.00000      0.0000000
-652.00000      0.0000000
-648.00000      0.0000000
-644.00000      0.0000000
-640.00000      0.0000000
-636.00000      0.0000000
-632.00000      0.0000000
-628.00000      0.0000000
-624.00000      0.0000000
-620.00000      0.0000000
-616.00000      0.0000000
-612.00000      0.0000000
-608.00000      0.0000000
-604.00000      0.0000000
-600.00000      0.0000000
-596.00000      0.0000000
-592.00000      0.0000000
-588.00000      0.0000000
-584.00000      0.0000000
-580.00000      0.0000000
-576.00000      0.0000000
-572.00000      0.0000000
-568.00000      0.0000000
-564.00000      0.0000000
-560.00000      0.0000000
-556.00000      0.0000000
-552.00000      0.0000000
-548.00000      0.0000000
-544.00000      0.0000000
-540.00000      0.0000000
-536.00000      0.0000000
-532.00000      0.0000000
-528.00000      0.0000000
-524.00000      0.0000000
-520.00000      0.0000000
-516.00000      0.0000000
-512.00000      0.0000000
-508.00000      0.0000000
-504.00000      0.0000000
-500.00000      0.0000000
-496.00000      0.0000000
-492.00000      0.0000000
-488.00000      0.0000000
-484.00000      0.0000000
-480.00000      0.0000000
-476.00000      0.0000000
-472.00000      0.0000000
-468.00000      0.0000000
-464.00000      0.0000000
-460.00000      0.0000000
-456.00000      0.0000000
-452.00000      0.0000000
-448.00000      0.0000000
-444.00000      0.0000000
-440.00000      0.0000000
-436.00000      0.0000000
-432.00000      0.0000000
-428.00000      0.0000000
-424.00000      0.0000000
-420.00000      0.0000000
-416.00000      0.0000000
-412.00000      0.0000000
-408.00000      0.0000000
-404.00000      0.0000000
-400.00000      0.0000000
-396.00000      0.0000000
-392.00000      0.0000000
-388.00000      0.0000000
-384.00000      0.0000000
-380.00000      0.0000000
-376.00000      0.0000000
-372.00000      0.0000000
-368.00000      0.0000000
-364.00000      0.0000000
-360.00000      0.0000000
-356.00000      0.0000000
-352.00000      0.0000000
-348.00000      0.0000000
-344.00000      0.0000000
-340.00000      0.0000000
-336.00000      0.0000000
-332.00000      0.0000000
-328.00000      0.0000000
-324.00000      0.0000000
-320.00000      0.0000000
-316.00000      0.0000000
-312.00000      0.0000000
-308.00000      0.0000000
-304.00000      0.0000000
-300.00000      0.0000000
-296.00000      0.0000000
-292.00000      0.0000000
-288.00000      0.0000000
-284.00000      0.0000000
-280.00000      0.0000000
-276.00000      0.0000000
-272.00000      0.0000000
-268.00000      0.0000000
-264.00000      0.0000000
-260.00000      0.0000000
-256.00000      0.0000000
-252.00000      0.0000000
-248.00000      0.0000000
-244.00000      0.0000000
-240.00000      0.0000000
-236.00000      0.0000000
-232.00000      0.0000000
-228.00000      0.0000000
-224.00000      0.0000000
-220.00000      0.0000000
-216.00000      0.0000000
-212.00000      0.0000000
-208.00000      0.0000000
-204.00000      0.0000000
-200.00000      0.0000000
-196.00000      0.0000000
-192.00000      0.0000000
-188.00000      0.0000000
-184.00000      0.0000000
-180.00000      0.0000000
-176.00000      0.0000000
-172.00000      0.0000000
-168.00000      0.0000000
-164.00000      0.0000000
-160.00000      0.0000000
-156.00000      0.0000000
-152.00000      0.0000000
-148.00000      0.0000000
-144.00000      0.0000000
-140.00000      0.0000000
-136.00000      0.0000000
-132.00000      0.0000000
-128.00000      0.0000000
-124.00000      0.0000000
-120.00000      0.0000000
-116.00000      0.0000000
-112.00000      0.0000000
-108.00000      0.0000000
-104.00000      0.0000000
-100.00000      0.0000000
-96.000000      0.0000000
-92.000000      0.0000000
-88.000000      0.0000000
-84.000000      0.0000000
-80.000000      0.0000000
-76.000000      0.0000000
-72.000000      0.0000000
-68.000000      0.0000000
-64.000000      0.0000000
-60.000000      0.0000000
-56.000000      0.0000000
-52.000000      0.0000000
-48.000000      0.0000000
-44.000000      0.0000000
-40.000000      0.0000000
-36.000000      0.0000000
-32.000000      0.0000000
-28.000000      0.0000000
-24.000000      0.0000000
-20.000000      0.0000000
-16.000000      0.0000000
-12.000000      0.0000000
-8.0000000      0.0000000
-4.0000000      0.0000000
 0.0000000      0.0000000
 4.0000000      0.0000000
 8.0000000      0.0000000
 12.000000      0.0000000
 16.000000      0.0000000
 20.000000      0.0000000
 24.000000      0.0000000
 28.000000      0.0000000
 32.000000      0.0000000
 36.000000      0.0000000
 40.000000      0.0000000
 44.000000      0.0000000
 48.000000      0.0000000
 52.000000      0.0000000
 56.000000      0.0000000
 60.000000      0.0000000
 64.000000      0.0000000
 68.000000      0.0000000
 72.000000      0.0000000
 76.000000      0.0000000
 80.000000      0.0000000
 84.000000      0.0000000
 88.000000      0.0000000
 92.000000      0.0000000
 96.000000      0.0000000
 100.00000      0.0000000
 104.00000      0.0000000
 108.00000      0.0000000
 112.00000      0.0000000
 116.00000      0.0000000
 120.00000      0.0000000
 124.00000      0.0000000
 128.00000      0.0000000
 132.00000      0.0000000
 136.00000      0.0000000
 140.00000      0.0000000
 144.00000      0.0000000
 148.00000      0.0000000
 152.00000      0.0000000
 156.00000      0.0000000
 160.00000      0.0000000
 164.00000      0.0000000
 168.00000      0.0000000
 172.00000      0.0000000
 176.00000      0.0000000
 180.00000      0.0000000
 184.00000      0.0000000
 188.00000      0.0000000
 192.00000      0.0000000
 196.00000      0.0000000
 200.00000      0.0000000
 204.00000      0.0000000
 208.00000      0.0000000
 212.00000      0.0000000
 216.00000      0.0000000
 220.00000      0.0000000
 224.00000      0.0000000
 228.00000      0.0000000
 232.00000      0.0000000
 236.00000      0.0000000
 240.00000      0.0000000
 244.00000      0.0000000
 248.00000      0.0000000
 252.00000      0.0000000
 256.00000      0.0000000
 260.00000      0.0000000
 264.00000      0.0000000
 268.00000      0.0000000
 272.00000      0.0000000
 276.00000      0.0000000
 280.00000      0.0000000
 284.00000      0.0000000
 288.00000      0.0000000
 292.00000      0.0000000
 296.00000      0.0000000
 300.00000      0.0000000
 304.00000      0.0000000
 308.00000      0.0000000
 312.00000      0.0000000
 316.00000      0.0000000
 320.00000      0.0000000
 324.00000      0.0000000
 328.00000      0.0000000
 332.00000      0.0000000
 336.00000      0.0000000
 340.00000      0.0000000
 344.00000      0.0000000
 348.00000      0.0000000
 352.00000      0.0000000
 356.00000      0.0000000
 360.00000      0.0000000
 364.00000      0.0000000
 368.00000      0.0000000
 372.00000      0.0000000
 376.00000      0.0000000
 380.00000      0.0000000
 384.00000      0.0000000
 388.00000      0.0000000
 392.00000      0.0000000
 396.00000      0.0000000
 400.00000      0.0000000
 404.00000      0.0000000
 408.00000      0.0000000
 412.00000      0.0000000
 416.00000      0.0000000
 420.00000      0.0000000
 424.00000      0.0000000
 428.00000      0.0000000
 432.00000      0.0000000
 436.00000      0.0000000
 440.00000      0.0000000
 444.00000      0.0000000
 448.00000      0.0000000
 452.00000      0.0000000
 456.00000      0.0000000
 460.00000      0.0000000
 464.00000      0.0000000
 468.00000      0.0000000
 472.00000      0.0000000
 476.00000      0.0000000
 480.00000      0.0000000
 484.00000      0.0000000
 488.00000      0.0000000
 492.00000      0.0000000
 496.00000      0.0000000
 500.00000      0.0000000
 504.00000      0.0000000
 508.00000      0.0000000
 512.00000      0.0000000
 516.00000      0.0000000
 520.00000      0.0000000
 524.00000      0.0000000
 528.00000      0.0000000
 532.00000      0.0000000
 536.00000      0.0000000
 540.00000      0.0000000
 544.00000      0.0000000
 548.00000      0.0000000
 552.00000      0.0000000
 556.00000      0.0000000
 560.00000      0.0000000
 564.00000      0.0000000
 568.00000      0.0000000
 572.00000      0.0000000
 576.00000      0.0000000
 580.00000      0.0000000
 584.00000      0.0000000
 588.00000      0.0000000
 592.00000      0.0000000
 596.00000      0.0000000
 600.00000      0.0000000
 604.00000      0.0000000
 608.00000      0.0000000
 612.00000      0.0000000
 616.00000      0.0000000
 620.00000      0.0000000
 624.00000      0.0000000
 628.00000      0.0000000
 632.00000      0.0000000
 636.00000      0.0000000
 640.00000      0.0000000
 644.00000      0.0000000
 648.00000      0.0000000
 652.00000      0.0000000
 656.00000      0.0000000
 660.00000      0.0000000
 664.00000      0.0000000
 668.00000      0.0000000
 672.00000      0.0000000
 676.00000      0.0000000
 680.00000      0.0000000
 684.00000      0.0000000
 688.00000      0.0000000
 692.00000      0.0000000
 696.00000      0.0000000
 700.00000      0.0000000
 704.00000      0.0000000
 708.00000      0.0000000
 712.00000      0.0000000
 716.00000      0.0000000
 720.00000      0.0000000
 724.00000      0.0000000
 728.00000      0.0000000
 732.00000      0.0000000
 736.00000      0.0000000
 740.00000      0.0000000
 744.00000      0.0000000
 748.00000      0.0000000
 752.00000      0.0000000
 756.00000      0.0000000
 760.00000      0.0000000
 764.00000      0.0000000
 768.00000      0.0000000
 772.00000      0.0000000
 776.00000      0.0000000
 780.00000      0.0000000
 784.00000      0.0000000
 788.00000      0.0000000
 792.00000      0.0000000
 796.00000      0.0000000
