| Temperature | Energy-Mean | Magnetization-Mean |  Specific heat  | Susceptibility |
             2.1      -1.6618187      0.86852238      0.96713844      0.94958169
           2.103      -1.6590354      0.86693015      0.97265648       1.0020851
           2.106      -1.6561979       0.8651488      0.98432409       1.0418035
           2.109      -1.6532145      0.86355175      0.99282909       1.0547737
           2.112      -1.6506686       0.8623438      0.99107405       1.0215855
           2.115      -1.6476961      0.86046147        1.007005       1.0887711
           2.118      -1.6435748      0.85710492        1.031838       1.3166347
           2.121      -1.6412196      0.85623016       1.0276612       1.2109075
           2.124      -1.6384563      0.85452581        1.044819       1.3147978
           2.127      -1.6347531      0.85245344       1.0493177       1.2731721
            2.13      -1.6316315      0.85015832       1.0623085       1.4247874
           2.133      -1.6290425      0.84877198       1.0707517       1.4182876
           2.136      -1.6251995       0.8452862       1.0968917       1.9946124
           2.139      -1.6223267      0.84467316       1.0804048       1.4407173
           2.142      -1.6187261      0.84196773       1.1078125       1.5692513
           2.145      -1.6152223      0.83954397       1.1204989        1.661039
           2.148      -1.6122804      0.83721579       1.1385396       2.0036964
           2.151      -1.6086999      0.83488368       1.1424443       1.8318997
           2.154      -1.6048678      0.83235679        1.158694       1.9132324
           2.157      -1.6020392      0.83055644       1.1639989       1.9876346
            2.16      -1.5976681       0.8269542       1.1915242       2.2159773
           2.163      -1.5946647      0.82465401       1.2020203        2.380135
           2.166      -1.5905841      0.82120642       1.2287692       2.7507631
           2.169      -1.5869582      0.81839731       1.2432434       2.8187766
           2.172      -1.5833814      0.81648802       1.2397046       2.5224187
           2.175      -1.5795427      0.81255647       1.2701695       3.0688408
           2.178      -1.5759741      0.81022436       1.2844628       3.2854683
           2.181       -1.571031      0.80476283        1.324078       3.7148115
           2.184      -1.5679799      0.80304235       1.3255787       3.7925998
           2.187      -1.5643403      0.80120495       1.3203291       3.3641391
            2.19      -1.5601728      0.79724333       1.3432457       3.7433576
           2.193      -1.5560681      0.79348078        1.367171       4.0257029
           2.196      -1.5516415      0.78934759       1.3757116       4.2887489
           2.199      -1.5484272      0.78695743       1.3887259       4.4484332
           2.202       -1.543571      0.78191959       1.4218424       4.9158879
           2.205      -1.5393287       0.7783531       1.4400803       4.9482106
           2.208      -1.5350272      0.77415561       1.4661898       5.5069619
           2.211      -1.5295184      0.76590683       1.5220403       7.1115258
           2.214      -1.5254958      0.76398083       1.5098261       6.0603953
           2.217      -1.5214287      0.75974551       1.5361525       6.8008097
            2.22      -1.5171987      0.75560562       1.5483291       7.1142107
           2.223      -1.5120789      0.74970293        1.585216       7.6209745
           2.226      -1.5066533      0.74246361       1.6039751        8.593259
           2.229      -1.5029297      0.73894426       1.6498604       9.3156293
           2.232      -1.4975498      0.73237787       1.6602475       9.7544903
           2.235      -1.4923092      0.72565012       1.6852994       10.143477
           2.238      -1.4883801        0.721791       1.6953226       10.771604
           2.241      -1.4810537      0.70933234       1.7761825        13.03718
           2.244      -1.4784906      0.70933433       1.7503749       12.392579
           2.247      -1.4708063      0.69726275       1.7995323        13.65996
            2.25      -1.4645338      0.68513597       1.8671841       16.276065
           2.253      -1.4602462      0.68241701       1.8583874       15.277543
           2.256      -1.4545668       0.6749597       1.8829531       15.986514
           2.259      -1.4496675       0.6667946       1.9010088        17.60663
           2.262      -1.4454685      0.66420572       1.8878725       16.882928
           2.265      -1.4383733      0.65198573       1.8858325       17.884599
           2.268      -1.4322647      0.64021625        1.976007        20.66144
           2.271      -1.4254902      0.62794438       1.9769166       21.733701
           2.274      -1.4204331      0.62246722       2.0057948       22.174547
           2.277      -1.4136085      0.60804608       2.0052354        23.92041
            2.28      -1.4075324       0.6007754       1.9801815       23.327401
           2.283       -1.403868      0.59610145       2.0032605       23.726236
           2.286      -1.3974337      0.58479645       2.0182589       24.991368
           2.289      -1.3920684      0.57582085       2.0023388       25.611014
           2.292      -1.3857518      0.56625813       1.9794191       25.268386
           2.295      -1.3766294      0.54299845       2.0115672       28.101092
           2.298      -1.3739738      0.54368808       1.9982983       27.835529
           2.301      -1.3653938      0.52286413       2.0078756       29.909547
           2.304      -1.3585493      0.51074044       1.9629844       29.642918
           2.307      -1.3523355       0.4952822       1.9810111       31.114299
            2.31       -1.349738      0.49886904       1.9327593       29.179167
           2.313      -1.3418463      0.48198745       1.8898999       29.560531
           2.316      -1.3377448      0.47527749       1.9181205        30.26408
           2.319      -1.3315632      0.46092848       1.8972856        30.82929
           2.322      -1.3246568      0.44658192       1.8589908       30.851156
           2.325      -1.3221681      0.44910912       1.8402672       30.174844
           2.328      -1.3137382      0.42981054        1.778069       29.976563
           2.331      -1.3082982      0.41879685       1.7643467       29.837743
           2.334      -1.3027611      0.40711748       1.7449469       29.590497
           2.337      -1.2980322      0.39732916        1.715746       29.768739
            2.34      -1.2945968      0.39578426         1.71671       29.805051
           2.343      -1.2878605      0.37831218       1.6624199       29.332136
           2.346      -1.2829848      0.37210036        1.625346       28.094732
           2.349       -1.278827      0.36457734         1.60974       28.273863
           2.352      -1.2737167      0.35726941       1.5850663       27.193174
           2.355      -1.2700626      0.35225497       1.5649049       27.258983
           2.358      -1.2649421      0.34534571       1.5064419       26.032183
           2.361       -1.260593      0.33467511       1.4992598       25.985227
           2.364      -1.2548651      0.32418199       1.4550893       25.034134
           2.367      -1.2493383      0.31055542       1.4354859       24.573556
            2.37      -1.2476409      0.31344974       1.4464918       25.130672
           2.373      -1.2424692      0.30433119       1.3893038       23.551703
           2.376      -1.2381977      0.29961213       1.3738509       22.951187
           2.379      -1.2349655      0.29282034       1.3586863       22.841796
           2.382      -1.2300651      0.28743815       1.3346905       22.079103
           2.385      -1.2265758      0.28109836       1.3169959       21.761151
           2.388      -1.2218304      0.27053259        1.272513       20.706824
           2.391      -1.2173342      0.26512074       1.2569812       20.108233
           2.394      -1.2154508      0.26876092       1.2406735       19.938627
           2.397       -1.211014      0.25908288       1.2381218       19.484166
             2.1      -1.6623471      0.86908266      0.96104679      0.93610933
           2.103      -1.6590406      0.86684907      0.97879794       1.0055162
           2.106      -1.6563484      0.86546991      0.97603152       1.0108181
           2.109       -1.653493      0.86393482      0.98840129       1.0305664
           2.112      -1.6501813       0.8618083       1.0005237       1.0786306
           2.115      -1.6470469      0.85978744       1.0082139       1.1319939
           2.118      -1.6442468      0.85798088       1.0230864        1.228701
           2.121       -1.641013      0.85612413       1.0332891       1.2351532
           2.124      -1.6383307        0.854963       1.0277166       1.1737654
           2.127      -1.6349751      0.85232611       1.0586549        1.348153
            2.13      -1.6319271      0.85075867       1.0567458       1.2961779
           2.133      -1.6285749      0.84819277       1.0735962       1.4960844
           2.136      -1.6253416      0.84621118       1.0873363       1.4862895
           2.139      -1.6220932      0.84403801       1.0960109       1.5844036
           2.142      -1.6190428      0.84224628       1.1012294       1.5602809
           2.145      -1.6155611      0.83989819       1.1293119       1.6593793
           2.148      -1.6122094      0.83751657       1.1382682       1.7716662
           2.151      -1.6083964      0.83468561       1.1484276       1.9042897
           2.154      -1.6053412      0.83277611        1.159099       1.9106436
           2.157      -1.6017081      0.83015278       1.1585729       1.9712167
            2.16      -1.5983669      0.82790455       1.1774645       2.0343815
           2.163       -1.594482      0.82470045       1.1957594       2.2348994
           2.166        -1.59062      0.82180861       1.2161683       2.4017232
           2.169      -1.5872702      0.81927734       1.2270461       2.4821304
           2.172      -1.5839327      0.81715775       1.2401283       2.5213599
           2.175      -1.5797893      0.81358501       1.2593509       2.6901347
           2.178      -1.5759098      0.81019167       1.2775337       3.0226257
           2.181      -1.5724403      0.80779926       1.2787042       3.0549768
           2.184      -1.5681714      0.80425881        1.304925       3.1127777
           2.187      -1.5640253      0.80074883       1.3189401       3.3928467
            2.19      -1.5602223      0.79675015       1.3549583        4.103312
           2.193      -1.5559165       0.7931196       1.3785546       4.0961119
           2.196      -1.5525265      0.79099222       1.3706116       3.9870744
           2.199      -1.5477638       0.7860122       1.4122835        4.586861
           2.202      -1.5440574      0.78307059       1.4072558       4.5772475
           2.205       -1.540534      0.78057356       1.4291659       4.5964665
           2.208      -1.5350468      0.77416907       1.4620174       5.8162323
           2.211      -1.5304576      0.76808257       1.5036499       7.7085844
           2.214      -1.5250987      0.76246993       1.5380983       6.8914567
           2.217      -1.5208579      0.75665503        1.600937        9.637995
            2.22       -1.515891      0.75009636       1.6226254        10.96156
           2.223      -1.5113418      0.74605263       1.6353101       11.140352
           2.226      -1.5064308      0.74103991       1.6480957       10.266672
           2.229      -1.5016399      0.73491639       1.6811359       12.607259
           2.232      -1.4968699      0.72795164       1.7066748       14.013945
           2.235      -1.4919305      0.72234051       1.7425732       14.351185
           2.238      -1.4872183      0.71656435        1.764694       15.617488
           2.241      -1.4813661        0.707823       1.8242598       17.040953
           2.244      -1.4753926      0.69958412       1.8125768       17.108411
           2.247      -1.4697723      0.68982115       1.8981601       20.541272
            2.25      -1.4626493      0.67419216       1.9903028       26.461998
           2.253      -1.4574977       0.6651582       2.0050096       29.360875
           2.256      -1.4526961      0.65952636       2.0016275       29.892329
           2.259      -1.4463825      0.64928397        2.031995       30.420642
           2.262      -1.4400565      0.63440174       2.1143779       37.051641
           2.265      -1.4345714      0.62613989       2.1250082       37.643753
           2.268      -1.4278771      0.61225227       2.1409146        40.65272
           2.271      -1.4223514      0.60453545       2.1323932       40.409107
           2.274      -1.4149698      0.58540538       2.1808044       45.484417
           2.277      -1.4075561      0.56903079       2.1937444       48.212356
            2.28      -1.4000539       0.5491696       2.2727014       53.792363
           2.283      -1.3958397      0.54858882       2.2225405       50.564657
           2.286      -1.3870667      0.51930265       2.1927925        56.78765
           2.289        -1.38195       0.5125863       2.2081693        57.68063
           2.292      -1.3752503      0.49732962       2.2020126       58.520244
           2.295         -1.3698      0.48342467       2.1720416       60.236067
           2.298      -1.3615915      0.46090429       2.1375655       61.877463
           2.301       -1.355719      0.44820613       2.0971232       62.242915
           2.304      -1.3496172      0.43139217       2.0869855       62.894829
           2.307      -1.3412895      0.40628169       2.0459552       63.386244
            2.31      -1.3349215      0.38767736       1.9708404         62.8325
           2.313      -1.3329339      0.40192422       1.9734368       58.570226
           2.316      -1.3246471      0.36779312       1.9224373       60.700855
           2.319      -1.3183128      0.35451018       1.8693874       58.408888
           2.322      -1.3131725      0.34360615       1.7921035        56.99044
           2.325      -1.3081042       0.3299275       1.7654905       55.945693
           2.328      -1.3032337      0.32178584        1.736936       54.761253
           2.331      -1.2990659      0.31859922       1.7008052       52.431811
           2.334      -1.2923429      0.29748991       1.6417444       50.538104
           2.337      -1.2890914      0.29759898        1.626486          49.407
            2.34       -1.282503      0.27372582       1.5540215       46.151678
           2.343      -1.2781267      0.26498701       1.5300086       45.735839
           2.346      -1.2730252      0.25972828       1.4932539       42.548355
           2.349      -1.2696587      0.25768923       1.4656107       42.028493
           2.352      -1.2656747      0.25104091       1.4526614       40.610349
           2.355      -1.2613942      0.24596854       1.4209457       38.823337
           2.358      -1.2571413      0.23732101       1.4006353       37.843562
           2.361      -1.2520868      0.22310643       1.3344234       34.494151
           2.364      -1.2487474        0.222343       1.3388596       33.967176
           2.367      -1.2446863      0.21897548       1.3251965       33.430531
            2.37      -1.2405589      0.21021325       1.2887696        31.45717
           2.373      -1.2369995      0.20549487       1.2762287        30.59339
           2.376      -1.2329397      0.19879952       1.2509444       29.382397
           2.379      -1.2291438      0.19551231       1.2438982       28.332547
           2.382      -1.2251967      0.18970178       1.2026876       26.415194
           2.385      -1.2216291       0.1858293       1.2153923       26.051016
           2.388       -1.218836      0.18793375       1.2075617       25.940306
           2.391      -1.2149798      0.18071377       1.1799593       24.636293
           2.394      -1.2111884       0.1768976       1.1671875       23.620292
           2.397      -1.2078745      0.17153385       1.1558778        22.63351
             2.1      -1.6623167      0.86895867      0.96438235      0.94153599
           2.103      -1.6590626      0.86698005       0.9758442      0.98472053
           2.106      -1.6561443      0.86518728      0.98411176        1.045789
           2.109      -1.6532713      0.86345414      0.99097865       1.0953053
           2.112       -1.650293      0.86182968       1.0002444       1.1021947
           2.115      -1.6472691       0.8599995       1.0005674       1.1029382
           2.118       -1.644231       0.8581293       1.0170534       1.1728368
           2.121      -1.6414895      0.85670253       1.0273495        1.183678
           2.124      -1.6382419       0.8544678       1.0432342       1.2991073
           2.127      -1.6348789      0.85227826       1.0528426       1.3275059
            2.13      -1.6314888      0.85003325       1.0686435       1.4350479
           2.133      -1.6287843      0.84871323       1.0644862        1.357803
           2.136      -1.6254197      0.84636948       1.0856535       1.4722044
           2.139      -1.6222356      0.84436471        1.091697       1.5142015
           2.142      -1.6185153      0.84146478       1.1104026       1.6685352
           2.145       -1.615375      0.83962244       1.1272041        1.699072
           2.148       -1.612117      0.83736425       1.1294561       1.7660172
           2.151      -1.6085046      0.83463027       1.1498421       1.8693402
           2.154      -1.6050793      0.83234354       1.1614329       1.9936998
           2.157      -1.6015175      0.82970828       1.1766436       2.0744891
            2.16      -1.5981335      0.82758932       1.1834041         2.12089
           2.163      -1.5946605      0.82495929       1.2065051       2.3757193
           2.166      -1.5907218      0.82161641        1.222764       2.6033454
           2.169      -1.5870073      0.81886164       1.2325554       2.6633429
           2.172      -1.5833701       0.8160401       1.2522132       2.7455793
           2.175      -1.5797087       0.8132683       1.2624113        2.838599
           2.178      -1.5759032      0.81026278       1.2802893       3.0037041
           2.181      -1.5719181      0.80720569       1.2932661       3.0381532
           2.184      -1.5681886      0.80392413       1.3255433       3.4498356
           2.187      -1.5644756       0.8011811       1.3357085       3.4896145
            2.19      -1.5603822      0.79711649       1.3512288       3.9467967
           2.193      -1.5569118      0.79496475       1.3448519       3.7243633
           2.196      -1.5523313       0.7906602       1.3815876       4.0880492
           2.199      -1.5473461      0.78467261       1.4210362       4.9573568
           2.202      -1.5438773      0.78266732       1.4243255       4.7005184
           2.205      -1.5386077      0.77615903       1.4639631       5.8324136
           2.208      -1.5343625      0.77276589       1.4775509       5.7233639
           2.211      -1.5302976      0.76914351       1.5006392       6.2224771
           2.214      -1.5257616      0.76361324         1.51466       6.7328183
           2.217      -1.5213626      0.75982229       1.5395297       6.9562794
            2.22      -1.5164823      0.75340577       1.5940794       8.5667901
           2.223      -1.5122578      0.74994402       1.5777425       7.9270165
           2.226        -1.50652      0.73990637       1.6769884        13.65993
           2.229      -1.5007107      0.73100162       1.7402831       15.025867
           2.232      -1.4965085      0.72745962       1.7335678       14.685968
           2.235      -1.4919958      0.72197204       1.7518058       16.278037
           2.238      -1.4849307      0.70857075       1.8155984       21.702619
           2.241      -1.4804553      0.70355813       1.8619514       21.053697
           2.244      -1.4749407       0.6931441       1.9261998       28.465231
           2.247      -1.4688065      0.68199432       1.9857894       34.005868
            2.25      -1.4639262      0.67702142       1.9880784       30.704237
           2.253      -1.4576352      0.66268626       2.0366841       38.726492
           2.256      -1.4504843      0.64722129       2.1396218       45.660178
           2.259      -1.4449445      0.63758686       2.1711999       47.664587
           2.262      -1.4373366      0.62003983       2.1878833       53.454122
           2.265        -1.43239      0.61206394       2.2089206       54.622819
           2.268      -1.4254297      0.59334666       2.2561452       65.278667
           2.271      -1.4174399      0.56829702       2.3307507        75.46403
           2.274      -1.4091504      0.54086959       2.4364828       91.273064
           2.277      -1.4040968      0.53648369       2.2992453       84.423554
            2.28      -1.3949968       0.5017874       2.3385829       96.456181
           2.283      -1.3901188      0.49693934       2.3305575       96.252697
           2.286      -1.3820196      0.46847839       2.3894539       105.99978
           2.289      -1.3768483      0.45849721       2.3296555       103.34424
           2.292      -1.3667881      0.42029447       2.2748292       108.33665
           2.295      -1.3636713      0.42583349       2.2453844       103.12828
           2.298      -1.3571412      0.40644728       2.1863339       101.03645
           2.301      -1.3486759      0.36938466       2.1176589       106.26824
           2.304      -1.3431089      0.36128322       2.0768191        99.92575
           2.307      -1.3371531      0.34393888       1.9531421        95.52481
            2.31      -1.3309538      0.32576694       1.9337811       94.889485
           2.313       -1.324771      0.30450439       1.8853037       90.073097
           2.316      -1.3194211      0.29552654       1.8497865       87.974636
           2.319      -1.3147035      0.28143257       1.7749186       86.322786
           2.322      -1.3083439      0.26009195       1.6851844       78.213836
           2.325      -1.3050461      0.27094557       1.7145802       75.179588
           2.328       -1.300534      0.25866982       1.6421222       72.378374
           2.331      -1.2938581      0.23533937       1.5809273       65.817321
           2.334      -1.2900016      0.23243227       1.5703661       65.304932
           2.337      -1.2853192      0.22526701       1.5223069       61.519007
            2.34      -1.2807108      0.21829778       1.4620246       55.733313
           2.343      -1.2759577      0.20895331       1.4656815       54.935023
           2.346      -1.2709886      0.19171877       1.4036306       48.138763
           2.349      -1.2673423      0.19153506       1.4010282       47.515035
           2.352      -1.2632212      0.18408321        1.363345       45.022625
           2.355      -1.2590257      0.18187633       1.3615166       43.831701
           2.358       -1.254567      0.17190554       1.3419801       40.840835
           2.361      -1.2510095      0.17023236       1.3065517       39.223252
           2.364      -1.2474021      0.16556039       1.2909364       38.112505
           2.367      -1.2432624      0.16072459        1.276682       36.103042
            2.37      -1.2396152      0.15619643       1.2722776       35.184963
           2.373      -1.2357439      0.14992124       1.2450757       31.819391
           2.376      -1.2324293      0.15015918       1.2399432       32.201089
           2.379      -1.2289622      0.14911791        1.229748       31.415316
           2.382      -1.2250194      0.14238929       1.2036789       29.171207
           2.385      -1.2214965      0.13727702       1.1852417       27.150375
           2.388      -1.2182494      0.13715566       1.1771946       26.949155
           2.391      -1.2144159      0.13299826       1.1718129       25.279675
           2.394      -1.2109776      0.13304038       1.1510163       25.041169
           2.397      -1.2076636      0.12855197        1.153547       24.348792
             2.1      -1.6622152      0.86892736      0.96214663      0.93036031
           2.103      -1.6593667      0.86724425      0.96531004      0.97152178
           2.106      -1.6561856       0.8653191      0.97816213       1.0094131
           2.109      -1.6534633      0.86380326       0.9899452       1.0344699
           2.112       -1.650255      0.86183228       1.0020221       1.0908379
           2.115      -1.6471555      0.85982868       1.0102154       1.1400019
           2.118      -1.6442578       0.8581683        1.019988       1.1989588
           2.121      -1.6411515      0.85623006        1.035151       1.2175812
           2.124      -1.6380682      0.85432494       1.0432268       1.3138923
           2.127      -1.6350483      0.85261921       1.0435916       1.2700527
            2.13      -1.6316512      0.85021531        1.068917        1.387927
           2.133      -1.6286013      0.84838952       1.0694491        1.412299
           2.136      -1.6254433       0.8463402       1.0897758       1.4902842
           2.139      -1.6218913      0.84386202       1.0931268       1.5665059
           2.142      -1.6186967       0.8416966       1.1175897       1.6739168
           2.145       -1.615298      0.83932641       1.1281686       1.8356515
           2.148      -1.6117213      0.83691127       1.1323327       1.7965067
           2.151      -1.6084528       0.8347153        1.148456       1.8960885
           2.154      -1.6051409      0.83233374        1.159381       1.9692173
           2.157      -1.6015798      0.82991435       1.1720913       2.0224088
            2.16      -1.5979826      0.82708997       1.1816793       2.2521334
           2.163      -1.5948828      0.82536273       1.1903322       2.1587828
           2.166      -1.5910423      0.82244633        1.207972        2.322708
           2.169      -1.5874073      0.81975576       1.2165453       2.3444925
           2.172      -1.5835332      0.81633106       1.2390009       2.6803006
           2.175      -1.5800009      0.81399772       1.2446846       2.6702109
           2.178      -1.5759044       0.8103367       1.2827139       2.9724645
           2.181      -1.5722625      0.80783122        1.286985       2.9254369
           2.184      -1.5682812       0.8040243       1.3048772        3.684012
           2.187      -1.5640864      0.80037821       1.3206158       3.5447856
            2.19      -1.5602599      0.79734744       1.3614276       3.7964917
           2.193      -1.5562439      0.79396381       1.3634265       3.9191136
           2.196      -1.5521775      0.79004955       1.3896132       4.5076877
           2.199      -1.5480537      0.78615367       1.4146572       5.0008448
           2.202      -1.5436332       0.7822509       1.4277559       4.9005046
           2.205      -1.5391103      0.77729982        1.463787       5.8226779
           2.208      -1.5351404      0.77383079       1.4753228       5.8963489
           2.211      -1.5301315      0.76779028       1.5208019       7.3493275
           2.214      -1.5259407      0.76355248       1.5563642       7.8606259
           2.217      -1.5207708       0.7568036       1.5813489        9.393365
            2.22      -1.5167777      0.75447773       1.5734697       8.1168477
           2.223      -1.5116617      0.74752588       1.6117768       9.7478712
           2.226      -1.5067546       0.7413192       1.6448806       10.446491
           2.229      -1.5017709      0.73544754       1.6691736       11.217966
           2.232        -1.49618      0.72719782       1.7237722        14.16369
           2.235      -1.4914952      0.72162417       1.7459358        14.34892
           2.238       -1.486472      0.71508194       1.7762668        16.14801
           2.241      -1.4803814       0.7029822       1.8691922       24.494068
           2.244      -1.4751202      0.69705747       1.8717799       21.128669
           2.247      -1.4704844      0.69106194       1.8981528        24.29939
            2.25      -1.4637031      0.67815434       1.9617947        26.88187
           2.253      -1.4581101      0.66503624       2.0709964       44.117857
           2.256      -1.4512273      0.65127833       2.1054052       41.421651
           2.259      -1.4429601      0.62563192       2.2603964       71.413725
           2.262      -1.4370705       0.6115233       2.3219103       78.979378
           2.265      -1.4335519       0.6181383       2.1645229       53.428763
           2.268      -1.4229328      0.57129479       2.4809333       111.29665
           2.271      -1.4164804      0.55693564       2.4364429       107.98002
           2.274      -1.4095114      0.53772786        2.360491       109.74171
           2.277      -1.4027669      0.51650098       2.4741874       124.00835
            2.28      -1.3933212      0.47916859       2.5197395       141.53811
           2.283      -1.3849417      0.44658841       2.4813185       158.62038
           2.286      -1.3793256      0.43303991       2.4128516       154.41522
           2.289      -1.3705627       0.3921459       2.3198983       164.90811
           2.292      -1.3665976      0.39976753       2.2401796       144.90328
           2.295      -1.3603078      0.38250762       2.2511154       146.00332
           2.298      -1.3509363         0.33172       2.1349016       147.97597
           2.301      -1.3447359      0.31702904       2.0211173       135.04685
           2.304      -1.3396347       0.3021995       1.9739646        132.4933
           2.307      -1.3342996      0.29354022       1.9301296       123.95634
            2.31      -1.3268742      0.25575338       1.8688074       119.90429
           2.313      -1.3228607      0.25722273       1.8140886       114.95581
           2.316      -1.3171459      0.24384284       1.7440466       100.36808
           2.319      -1.3112356       0.2211174       1.6572495       92.490296
           2.322      -1.3066854      0.22021011       1.6283291       87.726622
           2.325       -1.302647      0.21597332       1.6067193       86.721062
           2.328      -1.2974287      0.19326958       1.5540655       78.611399
           2.331      -1.2930872       0.1915522       1.5520515       75.567024
           2.334      -1.2883453      0.18031374       1.4862598       67.903041
           2.337      -1.2836653      0.17721791       1.4601043       63.563164
            2.34       -1.279852      0.17282761       1.4492147       60.203609
           2.343      -1.2752656      0.16540374       1.4271191       56.723664
           2.346      -1.2716577      0.16339776       1.4071815       59.289632
           2.349      -1.2674293      0.15403626       1.3778987       51.515385
           2.352      -1.2630739      0.15146434       1.3589507       49.777865
           2.355      -1.2593447      0.14591699       1.3426441       47.941697
           2.358      -1.2549919      0.13901597       1.3266432       44.488982
           2.361      -1.2509934      0.13444709       1.2946412       41.189414
           2.364      -1.2473403       0.1370952       1.2990701       41.476731
           2.367        -1.24358       0.1349694       1.2783442       39.611227
            2.37      -1.2395651      0.12397784        1.257896       34.983921
           2.373      -1.2362112      0.12320223       1.2396471       34.502053
           2.376      -1.2319079      0.11760951       1.2059602       31.796721
           2.379       -1.228345      0.11632459        1.219338       30.545239
           2.382       -1.224689      0.11383266       1.1974199       30.274732
           2.385      -1.2214185      0.11291905         1.19471       29.578909
           2.388       -1.217597      0.10752154       1.1696505       26.500655
           2.391      -1.2145532      0.10867969       1.1654047       26.907387
           2.394      -1.2111381      0.10742189       1.1485661       26.326551
           2.397      -1.2073361      0.10294292       1.1326945       24.553278
