| # Monte Carlo cycles  |  Energy-Mean   |  Magnetization-Mean  |  # Accepted configurations  |  Specific heat  |  Susceptibility   |  Temperature |

                   1         -0.89000000          0.14000000          0.50500000           0.0000000           0.0000000           1.0000000
                 101          -1.6995050         0.049752475         0.065643564           6.1626742          0.47294579           1.0000000
                 201          -1.9147761          0.87731343         0.022412935           12.560826           23.390844           1.0000000
                 301          -1.9574751          0.94606312         0.011220930           6.6778486           9.0925712           1.0000000
                 401          -1.9635162          0.95923940        0.0096259352           6.6680720           8.8555541           1.0000000
                 501          -1.9707984          0.96243513        0.0079890220           4.9340364           8.3919993           1.0000000
                 601          -1.9664725          0.95066556        0.0086980033           5.4756218           11.226445           1.0000000
                 701          -1.8561484          0.60840228         0.026465763           8.1646794           58.486454           1.0000000
                 801          -1.9869788          0.98855805        0.0037796504           2.1346760           2.0698175           1.0000000
                 901          -1.9738735          0.96254717        0.0070283019           3.9983936           8.1959064           1.0000000
                1001          -1.8783616          0.67118881         0.023029471           7.7728324           55.568645           1.0000000
                1101          -1.7892643          0.38181199         0.039993188           5.2519906           48.514173           1.0000000
                1201          -1.9830808          0.97762281        0.0044941715           2.4546881           5.0085223           1.0000000
                1301          -1.9846349          0.97991929        0.0041102998           2.1079636           4.4746400           1.0000000
                1401          -1.9858173          0.98120628        0.0038383298           1.9133445           4.5200889           1.0000000
                1501          -1.9905530          0.99162558        0.0028447702           1.4513101           1.6801422           1.0000000
                1601          -1.9874079          0.98525297        0.0033525921           1.7100169           3.0296121           1.0000000
                1701          -1.9896120          0.99136978        0.0026175779           1.7766829           1.9542407           1.0000000
                1801          -1.9880455          0.98453914        0.0029511383           1.4441577           3.8497429           1.0000000
                1901          -1.9459863          0.85767754         0.010760126           5.0634141           36.544434           1.0000000
                2001          -1.9898701          0.98795602        0.0026686657           1.4023721           2.7157801           1.0000000
                2101          -1.9358924          0.80405759         0.012400048           5.4373444           52.641368           1.0000000
                2201          -1.7575193          0.24308496         0.044119718           1.6315230           18.021264           1.0000000
                2301          -1.9342329          0.80960452         0.012087136           5.4746234           45.869186           1.0000000
                2401          -1.9954227          0.99805706        0.0013025823          0.49799182          0.25792773           1.0000000
                2501          -1.9875970          0.98290284        0.0033406637           1.6387777           4.4456818           1.0000000
                2601          -1.9906690          0.98979047        0.0025470973           1.1543000           2.1220240           1.0000000
                2701          -1.9904776          0.98967049        0.0026342096           1.3304826           2.4008451           1.0000000
                2801          -1.9911603          0.99116387        0.0023366655           1.1688581           1.8972875           1.0000000
                2901          -1.9936987          0.99576870        0.0016985522          0.86340058          0.79230414           1.0000000
                3001          -1.9935521          0.99608297        0.0017477507          0.98030444          0.73428595           1.0000000
                3101          -1.9486617          0.86692035        0.0095767494           4.4039144           30.957554           1.0000000
                3201          -1.9896564          0.98605280        0.0026288660           1.2369662           3.4098034           1.0000000
                3301          -1.9901818          0.98466677        0.0023909421           1.0350913           4.3485530           1.0000000
                3401          -1.9946869          0.99724787        0.0014289915          0.57003134          0.37461806           1.0000000
                3501          -1.9933448          0.99312911        0.0017916310          0.73838708           1.5092140           1.0000000
                3601          -1.9935268          0.99454179        0.0017036934          0.69143123          0.98279855           1.0000000
                3701          -1.9549365          0.86612672        0.0082430424           3.7846107           37.608976           1.0000000
                3801          -1.9950039          0.99739542        0.0013739805          0.49717705          0.37045143           1.0000000
                3901          -1.9696052          0.93247244        0.0058510638           2.7750210           15.870723           1.0000000
                4001          -1.9300025          0.78018745         0.012866783           5.2343214           55.363920           1.0000000
                4101          -1.9948330          0.99696172        0.0013996586          0.55247116          0.58979693           1.0000000
                4201          -1.9935111          0.99287194        0.0016960248          0.63338365           1.4525613           1.0000000
                4301          -1.9935271          0.99342595        0.0017484306          0.58840215           1.4503226           1.0000000
                4401          -1.9927971          0.99234492        0.0018211770          0.67461648           1.7078664           1.0000000
                4501          -1.9952966          0.99697623        0.0012813819          0.46024697          0.45513854           1.0000000
                4601          -1.9250598          0.77538144         0.013533471           5.3515156           52.778988           1.0000000
                4701          -1.9897894          0.98491278        0.0026520953           1.2529667           4.6097949           1.0000000
                4801          -1.9936555          0.99419704        0.0017199542          0.70958102           1.3294255           1.0000000
                4901          -1.9947174          0.99596817        0.0014354213          0.54452019          0.77926799           1.0000000
                5001          -1.9957349          0.99814337        0.0011667666          0.31145166          0.18220645           1.0000000
                5101          -1.9947246          0.99607724        0.0014433444          0.52215158          0.71430744           1.0000000
                5201          -1.9625322          0.88344068        0.0071856374           3.2627995           35.139254           1.0000000
                5301          -1.9840426          0.96441238        0.0031975099           1.5590769           9.9585772           1.0000000
                5401          -1.9952842          0.99654323        0.0012534716          0.40146556          0.59978983           1.0000000
                5501          -1.9541811          0.87428922        0.0082725868           3.7301898           32.612956           1.0000000
                5601          -1.9926888          0.99138814        0.0018148545          0.77204118           2.3782133           1.0000000
                5701          -1.9948991          0.99619716        0.0013383617          0.46703856          0.71486437           1.0000000
                5801          -1.9618393          0.89344941        0.0071698845           3.2993811           30.280850           1.0000000
                5901          -1.9930961          0.99286053        0.0017814777          0.71087168           1.6589062           1.0000000
                6001          -1.9861323          0.97647475        0.0037131311           1.8889872           7.7259156           1.0000000
                6101          -1.9953713          0.99671447        0.0012436486          0.34880079          0.52629186           1.0000000
                6201          -1.9946509          0.99584744        0.0013945331          0.54706461          0.89009977           1.0000000
                6301          -1.9947754          0.99610300        0.0013882717          0.53614393          0.82629323           1.0000000
                6401          -1.9469708          0.83714732        0.0098488517           4.2763795           44.445140           1.0000000
                6501          -1.9957637          0.99768113        0.0011578988          0.38569654          0.33351595           1.0000000
                6601          -1.9962294          0.99826769        0.0010460536          0.28602022          0.23028123           1.0000000
                6701          -1.9955305          0.99737950        0.0011576630          0.30763403          0.37792771           1.0000000
                6801          -1.9947816          0.99539112        0.0014192766          0.47477140           1.0609798           1.0000000
                6901          -1.9765889          0.93700043        0.0044584118           2.0692017           18.601192           1.0000000
                7001          -1.9942223          0.99374518        0.0015583488          0.46353322           1.4470562           1.0000000
                7101          -1.9962963          0.99853471        0.0010255598          0.29242037          0.14707104           1.0000000
                7201          -1.9956201          0.99790932        0.0011661575          0.43774234          0.35068739           1.0000000
                7301          -1.9801452          0.95695316        0.0039295987           1.8055525           10.608163           1.0000000
                7401          -1.9952250          0.99613566        0.0012748277          0.38759359          0.83064071           1.0000000
                7501          -1.9952873          0.99681043        0.0012151713          0.37343852          0.59146324           1.0000000
                7601          -1.9956677          0.99773188        0.0011758321          0.32225426          0.29878687           1.0000000
                7701          -1.9693416          0.91537917        0.0058151539           2.6702694           24.215122           1.0000000
                7801          -1.9951852          0.99592552        0.0013081656          0.42334866          0.88688208           1.0000000
                7901          -1.9822402          0.95371915        0.0035296165           1.5239564           14.567062           1.0000000
                8001          -1.9782002          0.94177853        0.0041835396           1.9468608           17.836875           1.0000000
                8101          -1.9955203          0.99714665        0.0012001605          0.32208033          0.45559411           1.0000000
                8201          -1.9955957          0.99696135        0.0011282161          0.26218828          0.47099265           1.0000000
                8301          -1.9941899          0.99423142        0.0015224069          0.51606683           1.4438259           1.0000000
                8401          -1.9960600          0.99777526        0.0010778479          0.27414764          0.29521103           1.0000000
                8501          -1.9957287          0.99747441        0.0011375132          0.31498461          0.34857196           1.0000000
                8601          -1.9958377          0.99766248        0.0011016161          0.31373047          0.33448339           1.0000000
                8701          -1.9964291          0.99879497       0.00093178945          0.18990707         0.086440189           1.0000000
                8801          -1.9957130          0.99676969        0.0011135098          0.28804686          0.63097203           1.0000000
                8901          -1.9954960          0.99659757        0.0011773958          0.32800517          0.65532333           1.0000000
                9001          -1.9947872          0.99528830        0.0013759582          0.42373148           1.1582858           1.0000000
                9101          -1.9934754          0.99077958        0.0015297769          0.55056683           2.5931741           1.0000000
                9201          -1.9959863          0.99764047        0.0010501576          0.24662860          0.34461362           1.0000000
                9301          -1.9948833          0.99468767        0.0013165251          0.42156321           1.3490492           1.0000000
                9401          -1.9557941          0.85441283        0.0079659079           3.6352685           43.191861           1.0000000
                9501          -1.9953110          0.99653458        0.0012275024          0.34519339          0.66016318           1.0000000
                9601          -1.9956525          0.99734299        0.0011319133          0.31801424          0.43253909           1.0000000
                9701          -1.9953118          0.99653902        0.0011875064          0.32639859          0.60507463           1.0000000
                9801          -1.9960045          0.99811652        0.0010529538          0.27218185          0.27668936           1.0000000
                9901          -1.9952086          0.99616402        0.0012498738          0.39294998          0.89583919           1.0000000
               10001          -1.9957344          0.99729677        0.0011156384          0.26518271          0.46370136           1.0000000
               10101          -1.9379626          0.80411791         0.011341204           4.6489999           51.559150           1.0000000
               10201          -1.9435604          0.83027644         0.010378149           4.3508474           44.100328           1.0000000
               10301          -1.9964266          0.99830696       0.00098849626          0.23707064          0.25947475           1.0000000
               10401          -1.9953879          0.99698539        0.0011835400          0.33851590          0.47009141           1.0000000
               10501          -1.9885116          0.98118989        0.0024309590          0.99715592           4.0222667           1.0000000
               10601          -1.9951863          0.99562871        0.0012670974          0.34421874          0.95791660           1.0000000
               10701          -1.9918054          0.98642136        0.0017953930          0.68373868           3.6997264           1.0000000
               10801          -1.9961846          0.99829507        0.0010107860          0.24127647          0.19997143           1.0000000
               10901          -1.9962627          0.99832355       0.00097789194          0.20356090          0.19682003           1.0000000
               11001          -1.9959549          0.99738978        0.0010785383          0.28667916          0.41496673           1.0000000
               11101          -1.9955995          0.99662238        0.0011386362          0.31324513          0.73719957           1.0000000
               11201          -1.9960852          0.99815508       0.00099075975          0.25124309          0.25084366           1.0000000
               11301          -1.9954420          0.99651668        0.0011536590          0.31131111          0.71904625           1.0000000
               11401          -1.9959609          0.99807912        0.0010496886          0.21865094          0.18873547           1.0000000
               11501          -1.9958247          0.99770237        0.0010603426          0.27461621          0.37609461           1.0000000
               11601          -1.9754099          0.93514007        0.0047437721           2.1435696           18.507713           1.0000000
               11701          -1.9961285          0.99772584        0.0010018374          0.23856500          0.38980547           1.0000000
               11801          -1.9835336          0.95800229        0.0032048132           1.3912261           12.593205           1.0000000
               11901          -1.9955701          0.99688682        0.0011146122          0.25933474          0.59781385           1.0000000
               12001          -1.9951279          0.99535580        0.0012596867          0.36582380           1.2877137           1.0000000
               12101          -1.9958615          0.99758698        0.0010267746          0.21159058          0.32324402           1.0000000
               12201          -1.9827104          0.95790058        0.0033806655           1.5099768           12.235345           1.0000000
               12301          -1.9958946          0.99783310        0.0010761320          0.23029931          0.28427010           1.0000000
               12401          -1.9854133          0.96423353        0.0030049996           1.2770940           10.912715           1.0000000
               12501          -1.9965491          0.99853612       0.00093892489          0.17239988          0.15418322           1.0000000
               12601          -1.9957384          0.99733672        0.0011245139          0.25420058          0.43507564           1.0000000
               12701          -1.9960106          0.99761239        0.0010418471          0.23766175          0.42129819           1.0000000
               12801          -1.9959019          0.99675143        0.0010503086          0.24712484          0.76144467           1.0000000
               12901          -1.9960282          0.99788892        0.0010078676          0.26769664          0.32754918           1.0000000
               13001          -1.9963241          0.99823667       0.00095838782          0.18310684          0.18468274           1.0000000
               13101          -1.9953149          0.99628349        0.0011821617          0.29764525          0.76173706           1.0000000
               13201          -1.9959495          0.99765321        0.0010463222          0.20878789          0.37133843           1.0000000
               13301          -1.9966236          0.99886136       0.00088564770          0.14914560         0.086797394           1.0000000
               13401          -1.9961742          0.99775987       0.00099824640          0.18378179          0.32155515           1.0000000
               13501          -1.9956100          0.99626435        0.0011060292          0.27944306          0.88367877           1.0000000
               13601          -1.9804720          0.95510514        0.0037701272           1.6895102           11.752121           1.0000000
               13701          -1.9958974          0.99721991        0.0010769287          0.26440966          0.58241607           1.0000000
               13801          -1.9965198          0.99837657       0.00090065937          0.14495607          0.18182891           1.0000000
               13901          -1.9959449          0.99727142        0.0010434501          0.22144346          0.50498971           1.0000000
               14001          -1.9926927          0.98923720        0.0016039926          0.58564064           2.6950733           1.0000000
               14101          -1.9965492          0.99833771       0.00091748812          0.15866345          0.20733525           1.0000000
               14201          -1.9845835          0.96284698        0.0030386945           1.2891588           10.948751           1.0000000
               14301          -1.9687476          0.90513775        0.0056774002           2.6204061           28.484031           1.0000000
               14401          -1.9800882          0.94985522        0.0038377543           1.7030870           13.954220           1.0000000
               14501          -1.9964058          0.99842321       0.00093493552          0.21376370          0.22292316           1.0000000
               14601          -1.9964009          0.99845661       0.00094171632          0.17920331          0.14633641           1.0000000
               14701          -1.9958499          0.99672811        0.0010664241          0.23333664          0.74596891           1.0000000
               14801          -1.9963685          0.99864165       0.00091953246          0.14588491         0.098450518           1.0000000
               14901          -1.9961466          0.99755151        0.0010056372          0.21688574          0.45405253           1.0000000
               15001          -1.9962029          0.99804980       0.00098493434          0.17205035          0.22586419           1.0000000
               15101          -1.9542130          0.85897821        0.0082693199           3.6073630           39.256138           1.0000000
               15201          -1.9767778          0.93681962        0.0045095717           2.0354761           18.778280           1.0000000
               15301          -1.9965061          0.99848507       0.00093654010          0.16889397          0.15704683           1.0000000
               15401          -1.9956328          0.99650964        0.0010832089          0.23227216          0.73709761           1.0000000
               15501          -1.9962048          0.99829205        0.0010031611          0.19914137          0.17090399           1.0000000
               15601          -1.9960560          0.99733991        0.0010103519          0.24577468          0.53409926           1.0000000
               15701          -1.9874766          0.97000318        0.0026487166           1.0808133           9.3191045           1.0000000
               15801          -1.9961945          0.99819410       0.00098474780          0.17586932          0.18325660           1.0000000
               15901          -1.9968474          0.99893812       0.00083894095          0.12977444         0.076479344           1.0000000
               16001          -1.9961109          0.99751953        0.0010129054          0.24558163          0.50020249           1.0000000
               16101          -1.9966449          0.99873176       0.00090320477          0.13811214          0.10602577           1.0000000
               16201          -1.9960583          0.99764459        0.0010704586          0.24983843          0.40853818           1.0000000
               16301          -1.9960818          0.99781793        0.0010119011          0.25037597          0.44745436           1.0000000
               16401          -1.9964520          0.99848119       0.00090634717          0.16269360          0.15956506           1.0000000
               16501          -1.9769753          0.94027180        0.0044991213           2.0081629           16.878136           1.0000000
               16601          -1.9963062          0.99753930       0.00093910005          0.18356241          0.44235963           1.0000000
               16701          -1.9961487          0.99756332        0.0010009880          0.19943444          0.39087275           1.0000000
               16801          -1.9957151          0.99643980        0.0010872865          0.26118047          0.84026835           1.0000000
               16901          -1.9957216          0.99722679        0.0010352938          0.23967163          0.43398425           1.0000000
               17001          -1.9959867          0.99744986        0.0010350862          0.22913647          0.39847453           1.0000000
               17101          -1.9961435          0.99785363       0.00099438629          0.22067397          0.36843442           1.0000000
               17201          -1.9960502          0.99754549        0.0010335155          0.20366845          0.39624721           1.0000000
               17301          -1.9961765          0.99773886       0.00097075314          0.19928043          0.40918546           1.0000000
               17401          -1.9966042          0.99877277       0.00088601230          0.13478405         0.098778634           1.0000000
               17501          -1.9963208          0.99805868       0.00095108851          0.18446478          0.26855880           1.0000000
               17601          -1.9964155          0.99824896       0.00092736208          0.16814401          0.24614813           1.0000000
               17701          -1.9961991          0.99763714       0.00098370149          0.18233262          0.45096770           1.0000000
               17801          -1.9730302          0.92356722        0.0050428347           2.2964767           22.653608           1.0000000
               17901          -1.9966862          0.99882381       0.00086294062          0.14173569         0.087436686           1.0000000
               18001          -1.9967613          0.99894173       0.00083300928          0.11351777         0.068862616           1.0000000
               18101          -1.9963947          0.99785040       0.00095215734          0.19314107          0.41936377           1.0000000
               18201          -1.9775144          0.93931899        0.0043209164           1.9182452           17.843744           1.0000000
               18301          -1.9966958          0.99869515       0.00086620950          0.16037365          0.13559128           1.0000000
               18401          -1.9934721          0.99124613        0.0014870116          0.48488817           2.0980583           1.0000000
               18501          -1.9964526          0.99845873       0.00093886817          0.18035967          0.20548999           1.0000000
               18601          -1.9964980          0.99825708       0.00090747809          0.16308117          0.24891446           1.0000000
               18701          -1.9878023          0.97107802        0.0023438586          0.99365965           8.6963845           1.0000000
               18801          -1.9964241          0.99820089       0.00092734429          0.16605700          0.26866699           1.0000000
               18901          -1.9963748          0.99793979       0.00095934078          0.15611874          0.28169146           1.0000000
               19001          -1.9965281          0.99856665       0.00087890111          0.15070064          0.17600522           1.0000000
               19101          -1.9844757          0.96177949        0.0030698655           1.2935506           11.210369           1.0000000
               19201          -1.9963960          0.99810609       0.00095580959          0.20447695          0.30333218           1.0000000
               19301          -1.9963432          0.99834024       0.00092443397          0.15579095          0.21548530           1.0000000
               19401          -1.9914597          0.98424823        0.0017693676          0.62494636           4.2315924           1.0000000
               19501          -1.9951459          0.99554356        0.0012708323          0.38882334           1.2165476           1.0000000
               19601          -1.9963752          0.99812561       0.00094918627          0.17676561          0.28484332           1.0000000
               19701          -1.9966768          0.99865743       0.00087114867          0.11727996          0.12766842           1.0000000
               19801          -1.9965123          0.99827559       0.00089932327          0.14027452          0.23130236           1.0000000
               19901          -1.9965313          0.99850083       0.00089643736          0.14507528          0.17188477           1.0000000
