| # Monte Carlo cycles  |  Energy-Mean   |  Magnetization-Mean  |  # Accepted configurations  |  Specific heat  |  Susceptibility   |  Temperature |

                   1         -0.62000000          0.16000000          0.52500000           0.0000000           0.0000000           2.4000000
                 101          -1.1244554          0.26415842          0.31455446          0.78678152           2.2561113           2.4000000
                 201          -1.1696020          0.27587065          0.29613184           1.4006938           8.3618761           2.4000000
                 301          -1.2497010          0.47436877          0.26238372           1.7126876           9.2050831           2.4000000
                 401          -1.2047880          0.38920200          0.28368454           1.1575933           5.3114483           2.4000000
                 501          -1.1546906          0.30122754          0.30180639           1.0326121           7.0737259           2.4000000
                 601          -1.1968719          0.35718802          0.28563644           1.1133434           9.6110088           2.4000000
                 701          -1.2199429          0.44034950          0.27737874           1.3105482           7.0932452           2.4000000
                 801          -1.2183271          0.41294632          0.27555243           1.0619675           7.4391379           2.4000000
                 901          -1.2859600          0.56079911          0.25223085           1.5447261           7.6059424           2.4000000
                1001          -1.2730070          0.57757742          0.25709041           1.1108370           3.2017316           2.4000000
                1101          -1.2242144          0.44714351          0.27352861           1.0999373           6.1487725           2.4000000
                1201          -1.2401332          0.46614904          0.26708576           1.7284658           9.2108332           2.4000000
                1301          -1.2263566          0.46168716          0.27310723           1.3640218           6.8065106           2.4000000
                1401          -1.2941470          0.57855103          0.24852248           1.4517907           6.4211169           2.4000000
                1501          -1.2087542          0.37063624          0.27940040           1.5882268           11.520083           2.4000000
                1601          -1.2347783          0.45083698          0.27091037           1.4063583           8.3409201           2.4000000
                1701          -1.2327807          0.45226044          0.27033216           1.4085239           8.6577634           2.4000000
                1801          -1.2742032          0.52378123          0.25583426           1.4752947           8.1922867           2.4000000
                1901          -1.2472646          0.47676223          0.26567728           1.7287018           9.9993290           2.4000000
                2001          -1.1956722          0.39149675          0.28508371           1.2080391           7.9155624           2.4000000
                2101          -1.2270823          0.42428129          0.27359948           1.5428306           10.754832           2.4000000
                2201          -1.2263698          0.45101090          0.27349614           1.5350628           9.2359477           2.4000000
                2301          -1.1948457          0.35762060          0.28556389           1.1981346           8.6572793           2.4000000
                2401          -1.2553103          0.46920658          0.26233861           1.4138436           9.8152828           2.4000000
                2501          -1.2517873          0.50352059          0.26387245           1.3447707           6.9080119           2.4000000
                2601          -1.2267782          0.46169166          0.27309208           1.3489737           7.2413435           2.4000000
                2701          -1.2697816          0.53242318          0.25725009           1.4461355           7.6935496           2.4000000
                2801          -1.2611674          0.47682613          0.26020975           1.5002549           9.7996510           2.4000000
                2901          -1.2504654          0.49059807          0.26331093           1.6829319           9.0181884           2.4000000
                3001          -1.2715995          0.51231923          0.25661280           1.5604688           9.7228484           2.4000000
                3101          -1.2486553          0.46540148          0.26498065           1.2312044           7.9616481           2.4000000
                3201          -1.2382693          0.46750391          0.26908388           1.5544234           8.3912765           2.4000000
                3301          -1.2206150          0.40590427          0.27528400           1.3231565           8.9701795           2.4000000
                3401          -1.2363334          0.44936783          0.26963393           1.3833917           9.0103396           2.4000000
                3501          -1.2762496          0.54635818          0.25548486           1.4470679           6.9768408           2.4000000
                3601          -1.2550042          0.49059150          0.26261941           1.4382507           8.8238587           2.4000000
                3701          -1.2335612          0.46330857          0.27100784           1.4155233           8.3954657           2.4000000
                3801          -1.2575612          0.48955275          0.26155617           1.3898516           7.8443234           2.4000000
                3901          -1.2649859          0.53719303          0.25861510           1.5043601           6.8258273           2.4000000
                4001          -1.2194176          0.39860910          0.27705199           1.1528150           8.0174117           2.4000000
                4101          -1.2397610          0.45890149          0.26856316           1.4103363           8.9571619           2.4000000
                4201          -1.2768484          0.54768746          0.25489705           1.2710511           5.9536324           2.4000000
                4301          -1.2269495          0.43212625          0.27319519           1.2511525           8.4848439           2.4000000
                4401          -1.2615519          0.51291184          0.26034935           1.5052498           7.9128895           2.4000000
                4501          -1.2274961          0.42957121          0.27277661           1.4548816           9.3143643           2.4000000
                4601          -1.2347490          0.43969789          0.27045534           1.6141590           10.024789           2.4000000
                4701          -1.2478005          0.48203999          0.26466337           1.3999689           8.4146329           2.4000000
                4801          -1.2092606          0.38453760          0.27987971           1.4578600           9.3947745           2.4000000
                4901          -1.2129525          0.40844522          0.27803203           1.3063941           8.9335392           2.4000000
                5001          -1.2629734          0.51692961          0.25945561           1.4626503           7.6025305           2.4000000
                5101          -1.2304372          0.43885023          0.27137277           1.4408929           9.2012246           2.4000000
                5201          -1.2458931          0.47412325          0.26537685           1.4316114           8.8668430           2.4000000
                5301          -1.2445595          0.44782305          0.26670817           1.4853892           10.044334           2.4000000
                5401          -1.2149417          0.40143955          0.27765506           1.3195808           8.6357722           2.4000000
                5501          -1.2434630          0.44705599          0.26748137           1.4849387           9.7959991           2.4000000
                5601          -1.2210819          0.41700321          0.27535574           1.3903153           9.0191982           2.4000000
                5701          -1.2257323          0.42556131          0.27337090           1.2726577           9.2263581           2.4000000
                5801          -1.2523186          0.48348561          0.26384804           1.4293095           8.5154951           2.4000000
                5901          -1.2187036          0.41367056          0.27603499           1.2910804           8.8942466           2.4000000
                6001          -1.2449792          0.46629145          0.26701383           1.4622288           9.0551822           2.4000000
                6101          -1.2434830          0.46330192          0.26721234           1.4043495           8.7088389           2.4000000
                6201          -1.2524819          0.47852201          0.26404007           1.5694882           9.7625875           2.4000000
                6301          -1.2258800          0.42492223          0.27350421           1.3169431           8.9692671           2.4000000
                6401          -1.2334510          0.46137791          0.27053663           1.3427532           8.6520582           2.4000000
                6501          -1.2170405          0.41288802          0.27640709           1.2744798           8.3931909           2.4000000
                6601          -1.2454764          0.48238827          0.26580177           1.3767877           8.1495083           2.4000000
                6701          -1.2275645          0.42938666          0.27339352           1.3777593           8.7149226           2.4000000
                6801          -1.2467961          0.48040141          0.26525180           1.3553489           8.0479759           2.4000000
                6901          -1.2276366          0.43439791          0.27324917           1.3298309           8.9273299           2.4000000
                7001          -1.2357577          0.44445151          0.27008999           1.3762241           8.6273983           2.4000000
                7101          -1.2457710          0.46360653          0.26634066           1.3495899           8.8779875           2.4000000
                7201          -1.2442480          0.47064297          0.26675705           1.4685109           8.9030858           2.4000000
                7301          -1.2307533          0.44103684          0.27184358           1.4598386           9.3002043           2.4000000
                7401          -1.2509809          0.48586880          0.26429807           1.4615525           8.6518863           2.4000000
                7501          -1.2164511          0.40227303          0.27687808           1.2886868           9.2213981           2.4000000
                7601          -1.2305894          0.45214511          0.27189317           1.3459428           8.1913772           2.4000000
                7701          -1.2241774          0.43029931          0.27401052           1.2938175           8.6178329           2.4000000
                7801          -1.2234008          0.42152993          0.27442507           1.4526777           8.9582386           2.4000000
                7901          -1.2337489          0.44455385          0.27026389           1.4459787           9.2818251           2.4000000
                8001          -1.2324947          0.43970191          0.27111299           1.5059160           9.5084586           2.4000000
                8101          -1.2375522          0.45544254          0.26919269           1.4352340           8.7050249           2.4000000
                8201          -1.2261529          0.43395562          0.27336941           1.3326400           8.8044157           2.4000000
                8301          -1.2268570          0.42312974          0.27358782           1.4183490           9.4607324           2.4000000
                8401          -1.2427663          0.46808178          0.26751756           1.3472661           8.1537379           2.4000000
                8501          -1.2406188          0.46810258          0.26755058           1.3907412           8.8412735           2.4000000
                8601          -1.2278061          0.43172712          0.27260290           1.3204577           8.3915953           2.4000000
                8701          -1.2283611          0.43681301          0.27251149           1.3538915           8.7889079           2.4000000
                8801          -1.2335451          0.44068742          0.27113112           1.4630360           9.2586977           2.4000000
                8901          -1.2320897          0.45213122          0.27040136           1.2929784           8.2180330           2.4000000
                9001          -1.2445073          0.47232419          0.26669315           1.4591684           7.9962472           2.4000000
                9101          -1.2412032          0.45573289          0.26764641           1.5157150           9.5613286           2.4000000
                9201          -1.2416237          0.47025921          0.26745109           1.4620734           8.6286483           2.4000000
                9301          -1.2225685          0.42058112          0.27494463           1.4146025           9.6922057           2.4000000
                9401          -1.2331295          0.44266089          0.27083475           1.4238241           8.9864901           2.4000000
                9501          -1.2210188          0.42585991          0.27493474           1.4090676           9.0156619           2.4000000
                9601          -1.2428424          0.46822258          0.26762551           1.3834549           8.3401398           2.4000000
                9701          -1.2381363          0.46615452          0.26845686           1.3991220           8.3985658           2.4000000
                9801          -1.2601388          0.50376849          0.26021962           1.3973065           7.9189587           2.4000000
                9901          -1.2270508          0.42812645          0.27325295           1.3683150           9.1815531           2.4000000
               10001          -1.2383222          0.45055094          0.26876737           1.3895766           8.9062196           2.4000000
               10101          -1.2401752          0.44795466          0.26818706           1.4301086           9.4241237           2.4000000
               10201          -1.2351260          0.45057641          0.27002108           1.3596615           8.5689738           2.4000000
               10301          -1.2463004          0.46850548          0.26638967           1.4451368           8.6917681           2.4000000
               10401          -1.2307490          0.44720171          0.27155754           1.4350534           8.8115851           2.4000000
               10501          -1.2385916          0.45100276          0.26890201           1.4062263           8.8794240           2.4000000
               10601          -1.2292463          0.44047118          0.27221229           1.4823292           9.0463710           2.4000000
               10701          -1.2473993          0.47518129          0.26612489           1.4700880           8.8256214           2.4000000
               10801          -1.2256532          0.42774836          0.27343325           1.4018945           9.0922058           2.4000000
               10901          -1.2497936          0.49069535          0.26475644           1.4361898           7.8901504           2.4000000
               11001          -1.2456731          0.47836742          0.26615126           1.4223747           8.3302469           2.4000000
               11101          -1.2301180          0.43398838          0.27180389           1.4454575           9.2346304           2.4000000
               11201          -1.2364494          0.46684359          0.26966856           1.3868175           7.7247267           2.4000000
               11301          -1.2322529          0.43649279          0.27111472           1.4259630           9.1526475           2.4000000
               11401          -1.2365608          0.45369003          0.26984431           1.3671331           8.7999673           2.4000000
               11501          -1.2326319          0.44963829          0.27112860           1.3958921           8.5740862           2.4000000
               11601          -1.2384019          0.45786398          0.26860120           1.3380610           8.7176625           2.4000000
               11701          -1.2258183          0.44012819          0.27347663           1.2867412           8.4668804           2.4000000
               11801          -1.2317117          0.44293238          0.27171702           1.3704572           8.4815157           2.4000000
               11901          -1.2337820          0.44891060          0.27040522           1.4169670           8.8521063           2.4000000
               12001          -1.2387468          0.45780685          0.26841951           1.4438933           8.9585240           2.4000000
               12101          -1.2451731          0.46874432          0.26589414           1.4211920           8.9158450           2.4000000
               12201          -1.2318089          0.44459389          0.27132120           1.3880009           8.7555742           2.4000000
               12301          -1.2564442          0.50334973          0.26249959           1.4256828           7.6483748           2.4000000
               12401          -1.2511152          0.48098500          0.26406379           1.4454181           8.4559282           2.4000000
               12501          -1.2340573          0.44501040          0.27056056           1.4212530           9.1931752           2.4000000
               12601          -1.2319189          0.44686017          0.27131359           1.3470172           8.7005892           2.4000000
               12701          -1.2460531          0.47177270          0.26578773           1.4041985           8.7134243           2.4000000
               12801          -1.2330662          0.42903015          0.27094231           1.4583830           9.5658540           2.4000000
               12901          -1.2365173          0.45469150          0.26939869           1.4217149           8.4721691           2.4000000
               13001          -1.2588147          0.50421660          0.26134163           1.4319317           7.9286676           2.4000000
               13101          -1.2358774          0.45071483          0.26993130           1.3366751           8.6973632           2.4000000
               13201          -1.2216605          0.42058215          0.27499735           1.3128404           8.5473108           2.4000000
               13301          -1.2344906          0.45410984          0.26996222           1.4046149           8.4690294           2.4000000
               13401          -1.2293993          0.44464033          0.27194295           1.3479087           8.4949639           2.4000000
               13501          -1.2437953          0.46509555          0.26693745           1.5027834           8.8729634           2.4000000
               13601          -1.2338902          0.46034372          0.26996728           1.3963172           8.3765167           2.4000000
               13701          -1.2515897          0.48055799          0.26353003           1.4226475           8.5706403           2.4000000
               13801          -1.2396181          0.46905587          0.26818020           1.3655667           8.2703548           2.4000000
               13901          -1.2337192          0.45052155          0.27033846           1.2835194           8.5099258           2.4000000
               14001          -1.2490451          0.48495643          0.26492215           1.4264573           8.6927401           2.4000000
               14101          -1.2371406          0.44494539          0.26960340           1.4155877           9.2745267           2.4000000
               14201          -1.2376671          0.46173967          0.26925217           1.3834629           8.5353731           2.4000000
               14301          -1.2374617          0.45592091          0.26910933           1.4275539           9.2954615           2.4000000
               14401          -1.2347156          0.45345532          0.27056246           1.3945823           8.6885704           2.4000000
               14501          -1.2353258          0.45105475          0.26990190           1.3643522           8.8140242           2.4000000
               14601          -1.2275598          0.42668550          0.27306212           1.4388139           9.2841754           2.4000000
               14701          -1.2441514          0.47538535          0.26622271           1.4529139           8.5412743           2.4000000
               14801          -1.2452449          0.47573272          0.26643707           1.3948144           7.9672508           2.4000000
               14901          -1.2307275          0.44730823          0.27150443           1.4165395           8.9289341           2.4000000
               15001          -1.2443544          0.47140757          0.26621475           1.4265927           8.7443293           2.4000000
               15101          -1.2459963          0.47668201          0.26612906           1.3701058           7.9647830           2.4000000
               15201          -1.2468377          0.47712058          0.26512762           1.4384484           8.6316648           2.4000000
               15301          -1.2305973          0.44775015          0.27153160           1.3194233           8.0366907           2.4000000
               15401          -1.2379203          0.44749562          0.26891955           1.4652254           9.4642351           2.4000000
               15501          -1.2283995          0.44236630          0.27239243           1.3244710           8.4317109           2.4000000
               15601          -1.2377950          0.46077175          0.26932616           1.4007415           8.3406604           2.4000000
               15701          -1.2360786          0.45264537          0.26979269           1.4178487           8.7194759           2.4000000
               15801          -1.2540770          0.47988070          0.26339251           1.5324776           9.2392438           2.4000000
               15901          -1.2307503          0.43889913          0.27159487           1.4397302           9.1373074           2.4000000
               16001          -1.2364402          0.45310324          0.26958987           1.3336399           8.5839342           2.4000000
               16101          -1.2389752          0.45357959          0.26819328           1.3843614           8.7768380           2.4000000
               16201          -1.2486674          0.48242701          0.26487161           1.4748958           8.3321875           2.4000000
               16301          -1.2488620          0.47997025          0.26457840           1.4588505           9.0749781           2.4000000
               16401          -1.2363447          0.44607707          0.26951009           1.4374850           9.4521066           2.4000000
               16501          -1.2244700          0.42856251          0.27412172           1.4534687           9.0513651           2.4000000
               16601          -1.2350413          0.44390278          0.27016219           1.3780905           8.9575717           2.4000000
               16701          -1.2428944          0.46424376          0.26664167           1.5219377           9.0379783           2.4000000
               16801          -1.2250878          0.42246444          0.27376466           1.3347415           9.3279714           2.4000000
               16901          -1.2382575          0.45109372          0.26878410           1.4381643           9.4230830           2.4000000
               17001          -1.2389706          0.44665255          0.26854332           1.4673965           9.5441562           2.4000000
               17101          -1.2377773          0.45626601          0.26892433           1.3763694           8.8303047           2.4000000
               17201          -1.2346753          0.45175717          0.27010915           1.4046721           8.9628880           2.4000000
               17301          -1.2492954          0.47698861          0.26473744           1.3912407           8.6079327           2.4000000
               17401          -1.2347612          0.45384001          0.27001034           1.3287448           8.5674421           2.4000000
               17501          -1.2308491          0.43655705          0.27119836           1.3412066           9.0246593           2.4000000
               17601          -1.2357332          0.45637350          0.27007287           1.3681600           8.4244619           2.4000000
               17701          -1.2379837          0.44943450          0.26910994           1.3217887           8.4898291           2.4000000
               17801          -1.2281288          0.43327678          0.27275027           1.4166002           9.3721295           2.4000000
               17901          -1.2378889          0.45998939          0.26893232           1.4591811           8.9246555           2.4000000
               18001          -1.2374379          0.45677185          0.26929087           1.3548022           8.5536633           2.4000000
               18101          -1.2290078          0.42921386          0.27223468           1.3604795           8.6098757           2.4000000
               18201          -1.2261656          0.42346327          0.27340847           1.4094567           9.5705041           2.4000000
               18301          -1.2405573          0.46500492          0.26800175           1.4469698           8.7923142           2.4000000
               18401          -1.2359785          0.45277594          0.26992528           1.4617314           9.0428333           2.4000000
               18501          -1.2402157          0.46328523          0.26816659           1.4257985           8.7410214           2.4000000
               18601          -1.2444600          0.46938122          0.26650019           1.3947324           9.0982848           2.4000000
               18701          -1.2220732          0.42112320          0.27512446           1.2894599           8.6142575           2.4000000
               18801          -1.2449391          0.47063241          0.26636349           1.4097911           8.6420096           2.4000000
               18901          -1.2274985          0.43972991          0.27326702           1.3789068           8.9951484           2.4000000
               19001          -1.2183422          0.41357823          0.27624914           1.3646942           9.0856193           2.4000000
               19101          -1.2245877          0.41827862          0.27412596           1.3254341           8.8784230           2.4000000
               19201          -1.2381340          0.46134368          0.26895500           1.4436916           8.5797262           2.4000000
               19301          -1.2466292          0.47602015          0.26565890           1.4356384           8.6328274           2.4000000
               19401          -1.2470326          0.46968842          0.26561852           1.4456102           8.8533541           2.4000000
               19501          -1.2326404          0.44535921          0.27096675           1.3402737           8.7987647           2.4000000
               19601          -1.2477848          0.47527575          0.26566578           1.4321421           8.5660411           2.4000000
               19701          -1.2242566          0.43469392          0.27390754           1.3553057           8.3203488           2.4000000
               19801          -1.2371850          0.45247993          0.26931506           1.4435617           8.9173165           2.4000000
               19901          -1.2275222          0.43572534          0.27296731           1.4046995           8.8103530           2.4000000